9216
-0.068261
0.048792
0.089487
0.060109
0.011780
0.014187
-0.028191
0.096730
0.120337
0.076872
0.001809
0.065388
-0.035039
0.052170
0.171387
0.131741
0.066126
-0.018509
-0.026234
0.070421
0.190358
0.152632
0.078884
0.014408
-0.039822
0.010706
-0.018207
-0.034396
0.048196
0.078528
-0.132578
-0.062129
-0.069730
-0.091391
-0.070904
-0.123731
0.137234
-0.037418
-0.076746
0.016206
0.056670
0.120625
0.013397
-0.001162
-0.018488
-0.019878
-0.002466
0.035832
-0.022473
-0.008720
-0.022065
-0.021183
-0.041629
-0.166479
-0.040640
-0.013561
-0.019202
-0.028489
-0.117154
-0.214838
-0.054490
-0.049834
-0.014207
-0.028942
-0.048186
-0.067775
-0.020837
-0.132172
-0.075935
-0.076549
-0.040084
-0.338031
0.063178
-0.266943
-0.156980
-0.167691
-0.122402
-0.257064
-0.187527
-0.230682
-0.109951
-0.085332
-0.037641
-0.308587
-0.109419
-0.067044
-0.057215
-0.007831
-0.013444
-0.084175
-0.057829
-0.023926
-0.128738
-0.067254
-0.067366
-0.080020
-0.048292
-0.052605
-0.119508
-0.068255
-0.049303
0.036051
-0.071509
-0.020490
-0.007525
-0.004269
0.047757
-0.011055
-0.041084
-0.001490
-0.004160
-0.009228
-0.016111
-0.017476
-0.016169
-0.000626
-0.002263
-0.026597
-0.024297
-0.016111
-0.012484
-0.024958
-0.030308
-0.014278
-0.033411
-0.116481
-0.062850
-0.065349
-0.045022
-0.061512
-0.041062
-0.162705
-0.093356
-0.040017
-0.022600
-0.043023
-0.045182
-0.047866
-0.025265
-0.046552
-0.072681
-0.067791
-0.057023
-0.056809
0.061619
0.000418
0.002916
0.015694
0.015553
-0.001736
0.014621
0.036826
0.045195
0.033591
0.043579
0.038871
-0.004888
-0.012339
-0.015999
0.008567
0.028980
-0.007233
-0.003003
-0.035490
-0.042321
-0.003414
0.015932
0.040608
0.000766
0.007897
-0.000940
-0.020445
-0.016721
0.025886
0.108245
0.168083
0.233388
0.238176
0.253636
0.189439
0.122049
-0.055133
-0.071711
-0.037046
-0.033353
0.012804
-0.004578
-0.002239
-0.006264
-0.002616
-0.003786
-0.004728
-0.004069
0.026915
0.020065
0.011874
-0.016330
-0.010708
-0.002234
0.008957
0.008816
-0.002361
-0.015930
-0.013363
-0.004250
-0.024637
-0.027157
-0.006247
0.002780
-0.009645
-0.072047
-0.047615
-0.063575
-0.049965
-0.054774
-0.214055
-0.147994
-0.111346
-0.036797
-0.107866
-0.292509
-0.071349
-0.151874
-0.146115
-0.070345
-0.037340
-0.033600
0.043376
-0.004101
-0.006745
-0.000678
-0.007301
-0.016318
0.008976
0.017496
0.024800
0.018249
0.012329
-0.050109
-0.055619
0.021598
0.024869
0.027648
-0.052094
-0.069346
-0.049943
-0.025285
0.060493
0.050793
-0.038136
-0.043732
-0.115965
0.145586
-0.096829
-0.061942
-0.071045
-0.091207
-0.026995
-0.003201
-0.007179
-0.013258
-0.010226
-0.013709
-0.084584
-0.089471
-0.073996
-0.068438
-0.038977
-0.052622
-0.281505
-0.109598
-0.138599
-0.127494
-0.166340
-0.163673
-0.295647
-0.097450
-0.162565
-0.135800
-0.191853
-0.199456
-0.208119
0.178030
0.153573
0.094628
0.046901
0.056054
0.242459
-0.030057
-0.040806
-0.041705
-0.053601
-0.049610
-0.044178
-0.014153
-0.007981
0.024731
-0.007270
-0.014455
0.028771
-0.017034
-0.013665
-0.011958
-0.013821
-0.016150
-0.025108
-0.043082
-0.044952
-0.087465
-0.079864
-0.045171
-0.046530
-0.056437
-0.055730
-0.134863
-0.120621
-0.077238
-0.042844
-0.032137
0.026335
-0.096527
-0.133125
-0.175393
-0.141152
-0.022652
-0.011328
-0.002311
0.070393
0.071688
-0.040771
0.000000
-0.004986
-0.004284
-0.013766
-0.012031
-0.005867
-0.000606
0.000000
-0.003243
-0.010887
-0.008859
-0.002134
-0.000491
-0.003166
-0.004411
-0.001245
0.000000
-0.000580
0.000000
0.000000
-0.007873
-0.008153
-0.002281
-0.001032
-0.048349
-0.006702
-0.013599
0.007182
0.012181
0.031779
0.368504
0.132109
0.144354
0.076062
0.040228
0.066222
0.162722
-0.014006
-0.024091
-0.060146
-0.022095
0.059994
0.101824
-0.037672
-0.028219
-0.074872
-0.036084
0.079837
0.198998
-0.046031
-0.042704
-0.033234
-0.067399
0.107923
0.083889
-0.178585
-0.190722
-0.138700
-0.159551
-0.135049
0.068584
-0.118749
-0.041116
-0.034534
-0.171024
0.056702
0.038737
-0.026165
-0.015524
-0.007768
-0.004502
-0.219945
-0.000799
-0.005946
-0.010645
-0.012370
0.004251
-0.014548
-0.004622
0.003014
0.005542
-0.003122
-0.010810
-0.100284
-0.022531
-0.068258
-0.018347
-0.031893
-0.071453
-0.022230
-0.052777
-0.096812
-0.047654
-0.026771
-0.019792
0.003716
-0.086585
-0.052206
-0.105325
-0.027088
-0.047821
-0.203520
0.084791
0.182332
0.128596
0.000550
-0.158954
-0.247712
-0.182270
-0.081903
-0.083402
-0.117292
-0.232299
0.011610
-0.295515
-0.043403
-0.035473
-0.042732
-0.178527
-0.067770
-0.319828
-0.104398
-0.057622
-0.042311
-0.035888
-0.149814
-0.141666
0.070517
0.058199
0.050505
0.130246
-0.034032
-0.140532
-0.049361
-0.102740
-0.302685
-0.316802
-0.259245
0.033660
-0.052755
-0.052234
-0.047348
0.012451
-0.036500
0.076956
-0.075818
-0.100057
-0.082628
0.000050
-0.023131
-0.028561
-0.071131
-0.071407
-0.094917
-0.123179
-0.055327
-0.028706
-0.061998
-0.078475
-0.056349
-0.066272
-0.120171
-0.001926
-0.053678
-0.067536
-0.043083
-0.044424
-0.007876
-0.134343
-0.065635
0.051935
0.047775
-0.030787
0.257817
0.095418
-0.148147
-0.068203
-0.062918
-0.095462
0.083482
0.203550
0.046645
-0.010839
-0.025394
-0.028234
0.062894
-0.018477
-0.010556
-0.005640
-0.046104
-0.078817
-0.060270
0.032490
-0.007013
-0.018657
-0.067001
-0.065490
-0.045397
0.004241
0.035486
0.063866
0.031217
0.009817
0.129541
-0.059254
0.056100
0.025574
0.017744
0.028821
0.175285
0.047419
0.178792
0.073888
0.028309
-0.009468
0.103747
0.060918
0.200879
0.070540
0.036107
0.117395
0.017114
0.132523
0.039095
0.057071
0.050960
0.080770
0.015133
0.047106
0.043775
0.105793
0.092515
-0.000318
-0.002267
0.051856
0.180176
0.115007
0.051092
-0.015349
-0.012108
-0.002971
0.158948
0.071982
-0.037248
-0.030341
-0.024874
-0.022188
-0.025247
-0.048337
-0.059787
-0.066219
-0.134323
-0.037578
-0.025913
-0.036508
-0.048357
-0.050924
0.005076
-0.039464
-0.002148
-0.011376
-0.029583
-0.019533
0.047010
-0.037296
-0.006964
0.032945
-0.024998
-0.007230
0.078669
-0.026450
-0.009489
0.081129
0.032710
-0.016429
-0.032453
-0.056301
-0.029632
-0.029875
-0.031338
-0.033543
-0.035942
-0.014521
0.059048
0.017880
0.000889
-0.046907
0.028142
-0.008107
0.029132
-0.007668
-0.002982
-0.007898
-0.001879
-0.007697
-0.006081
-0.004343
-0.005564
-0.006435
-0.086838
-0.009301
0.000978
0.005976
-0.003604
-0.003759
-0.048256
-0.014073
0.002342
0.017109
0.020254
0.027246
0.137492
-0.010805
-0.002837
-0.035376
0.029499
0.064623
-0.038698
0.118633
0.087366
0.116238
0.070743
-0.071531
-0.099672
0.120455
0.102949
0.107211
0.064007
-0.007335
-0.040184
-0.012204
-0.028413
0.039615
0.058077
-0.001363
-0.021567
-0.010214
-0.053121
-0.056048
-0.072481
-0.062866
-0.025474
-0.012143
-0.045952
-0.039581
-0.070002
-0.060892
-0.016388
-0.013807
0.017105
0.028699
-0.026831
0.008833
0.086756
0.123129
-0.012577
0.003053
0.010961
0.019177
-0.091875
-0.017957
-0.006500
-0.003180
-0.001599
-0.001108
-0.001648
-0.005660
0.032982
0.023966
-0.011290
-0.029146
-0.015357
0.020994
0.010895
-0.060119
-0.079103
-0.031062
-0.023296
-0.028638
-0.072248
-0.064294
-0.074336
-0.027655
-0.027831
-0.011087
-0.114848
-0.055130
-0.039025
-0.092046
-0.093031
0.060625
0.015325
0.066180
0.034570
0.004717
0.084220
0.084190
0.059362
0.107524
0.050851
0.012347
-0.032664
-0.027748
-0.040646
-0.043645
-0.028720
-0.022772
-0.084871
-0.010682
-0.028773
-0.017341
-0.003234
-0.006682
-0.106929
-0.030710
-0.004093
0.017472
0.020167
-0.024396
-0.077737
-0.028954
-0.004490
-0.007677
-0.024897
-0.057021
-0.085000
0.513147
0.251991
0.189161
0.162974
0.078940
0.110521
-0.056685
-0.059824
-0.072770
-0.074386
-0.039350
0.003717
-0.040235
-0.046433
-0.051015
-0.042179
-0.011038
0.045005
-0.009888
0.016696
0.021834
0.000928
-0.002521
0.051254
-0.053574
-0.013672
-0.031755
-0.067630
-0.021283
0.004646
-0.114233
0.123310
0.141703
0.160527
0.067740
0.253218
0.099623
-0.073638
-0.076513
-0.082234
-0.073881
0.097259
0.120255
0.107979
-0.001741
-0.037286
-0.077293
-0.084627
0.111931
0.040867
-0.003704
-0.015132
-0.006965
-0.067325
0.036453
0.003330
-0.021480
-0.044452
-0.061593
-0.025258
0.077055
-0.005073
-0.057731
-0.059314
-0.047973
-0.014551
0.056509
-0.030098
-0.071673
-0.054976
-0.015009
-0.018569
0.054131
-0.182597
-0.060080
-0.022266
0.232573
0.208239
0.124597
0.137385
-0.015349
0.055508
0.084057
0.272781
0.019448
-0.000775
-0.004180
-0.008320
0.016887
0.051338
-0.013490
-0.005335
-0.008297
-0.004177
0.033368
-0.079348
0.036617
0.061870
-0.003847
-0.002862
-0.022561
-0.230659
-0.100739
0.024238
0.042685
0.083464
-0.027098
-0.016146
-0.249233
-0.172058
-0.089622
0.031431
-0.157336
-0.171933
-0.104189
-0.037344
0.146296
0.166766
0.046732
0.094364
-0.080478
-0.052430
0.038258
0.066952
0.191380
0.067049
-0.047933
-0.000864
-0.020831
-0.017602
0.063908
0.091780
-0.028100
0.056917
0.002303
0.093072
0.116140
0.091940
-0.186492
0.033568
-0.053168
-0.006246
0.075722
-0.003543
-0.033841
-0.037432
-0.031402
-0.067294
-0.082004
-0.030404
-0.022614
-0.121898
-0.131002
-0.120858
-0.066041
-0.014558
-0.011400
-0.085811
-0.105216
-0.020978
0.023718
-0.041234
-0.012211
-0.015554
-0.039603
0.040114
0.040749
-0.049587
-0.015447
-0.024933
-0.019434
-0.009814
-0.005771
-0.015131
-0.023654
-0.020638
-0.028416
-0.026621
-0.057288
-0.038361
0.237380
0.158076
0.024322
-0.014842
-0.086374
0.042054
0.131592
0.028797
0.072073
-0.049268
-0.080405
-0.051610
-0.004758
-0.010452
0.021649
0.011534
0.021406
0.046373
0.039883
0.000010
0.042600
0.050306
0.054413
0.030287
0.038194
-0.032903
0.009182
0.031713
0.043584
-0.023526
-0.239835
-0.142109
-0.053738
0.000656
-0.008189
-0.120529
-0.039271
-0.020381
-0.018800
0.025547
0.026642
0.039117
-0.013473
-0.036777
-0.027571
0.011217
0.057190
0.088762
0.015372
-0.031488
-0.016871
0.005856
0.023015
0.025314
0.021012
0.012124
-0.039256
-0.015335
-0.008293
-0.015640
0.044678
0.007718
-0.018581
-0.022319
-0.009864
-0.053214
0.103201
-0.014147
-0.075909
-0.034621
0.007599
-0.069146
0.100440
-0.032344
-0.017060
-0.023875
-0.030803
-0.045694
0.087880
0.001591
-0.008545
-0.003451
-0.004620
-0.005013
0.004636
0.001892
-0.010389
-0.001443
-0.001942
-0.015964
-0.018012
0.022476
0.007143
0.024826
0.013165
-0.094926
0.031979
0.080564
0.065362
0.050237
0.022233
-0.056347
0.055606
-0.017210
-0.048145
-0.021978
0.014612
-0.007091
0.204808
0.023526
0.093751
0.123956
0.086166
-0.006533
0.023411
0.069520
0.102727
0.128199
0.063703
0.000358
0.029483
0.038868
0.080444
0.056575
0.011319
0.042116
-0.005258
0.025188
0.063568
0.066480
0.018945
0.041084
-0.006931
0.021459
0.012222
0.041750
-0.020410
0.087720
0.086912
-0.016488
0.018070
-0.021717
-0.062678
0.038479
-0.156551
-0.107915
-0.003314
-0.000388
0.017254
0.250055
0.203114
0.314846
0.213950
0.111027
0.113478
0.083064
0.100808
0.163679
0.068481
0.051771
0.045422
0.068801
-0.035290
0.042223
-0.059654
-0.065387
-0.018287
0.034464
-0.000865
0.194992
0.070235
-0.033189
0.027424
0.041003
-0.126619
-0.033858
-0.100607
-0.056851
-0.044308
-0.103512
-0.079251
-0.139453
-0.019751
-0.029949
-0.145137
-0.221585
0.144535
0.297834
0.227468
0.110966
0.157812
0.192003
0.029221
0.275202
0.137467
0.086456
0.256820
0.241753
-0.128192
-0.049285
-0.197526
-0.150490
0.123834
-0.013564
0.072452
0.199751
0.022623
0.063229
0.118216
-0.040813
-0.126093
0.234175
0.174635
0.022948
-0.025499
0.072054
-0.081494
-0.041842
-0.004574
0.039427
-0.005767
0.189872
-0.160803
-0.050895
-0.062137
0.030697
-0.004831
0.121253
-0.163393
-0.022764
-0.079999
-0.030846
0.032000
0.119947
-0.110434
-0.030984
-0.015800
-0.029636
-0.018389
0.157834
-0.145921
-0.018303
0.004141
-0.073999
-0.083190
0.127358
-0.002273
-0.087649
-0.107426
-0.104166
-0.121723
0.038947
-0.210295
-0.202055
-0.013561
0.086644
0.086705
0.008949
-0.005081
0.009505
0.012541
0.076939
0.079310
0.016740
0.021679
0.080380
0.090698
0.014646
0.002289
-0.003930
0.015972
0.122039
0.090860
0.000476
-0.019494
-0.012741
0.020187
-0.000036
0.014596
0.028737
-0.018442
-0.027826
-0.050342
0.027634
0.023429
0.007172
-0.014407
-0.021393
0.000000
0.000000
0.000000
0.000000
0.000000
-0.034363
0.000000
0.000000
0.000000
0.000000
0.000000
-0.002181
0.000000
-0.003395
-0.003395
-0.001457
-0.001457
-0.002181
0.000000
-0.003862
-0.003862
-0.001457
-0.001457
0.000000
0.000000
0.000000
-0.000967
-0.005320
0.000468
0.000000
-0.003229
0.000000
-0.000589
0.015658
0.016011
-0.000371
-0.022444
-0.010865
0.000000
0.000000
-0.002863
-0.016133
-0.009743
0.000000
-0.003766
-0.005972
-0.006513
-0.014210
-0.008297
0.003368
0.005602
-0.002520
-0.002461
-0.020267
-0.008206
-0.010777
-0.035677
-0.027842
0.000000
-0.007025
-0.027882
-0.007904
-0.041113
-0.043113
0.000000
-0.016861
-0.024306
-0.001036
0.007188
0.013037
-0.005711
-0.033092
-0.041758
0.000000
-0.002866
-0.013062
-0.030798
-0.120197
-0.002563
0.011259
0.010440
-0.003417
0.011463
0.059618
0.109266
-0.005749
-0.007281
0.007322
0.024271
0.167618
0.110189
-0.020063
-0.011448
0.019308
0.010105
0.088466
-0.003002
-0.004710
-0.006910
0.009525
-0.019360
-0.017115
0.058805
-0.025143
-0.036249
-0.020664
-0.028802
0.055566
0.218511
0.074038
0.034256
0.122337
0.133934
0.318255
0.021354
0.003597
0.090001
0.104317
0.069090
0.183928
0.017196
0.060469
0.055336
0.016795
-0.010416
-0.025609
0.012658
0.003046
0.037204
0.024637
-0.137263
-0.122820
0.000917
-0.036807
0.017012
-0.022114
-0.136733
-0.160168
-0.081910
-0.086250
0.079899
0.109448
0.102090
-0.045414
-0.024793
-0.003553
0.049540
0.012235
-0.044435
-0.013706
-0.019200
0.021462
0.072528
0.029440
0.109688
0.019231
-0.021343
0.010541
0.012779
0.027619
0.180179
0.024675
-0.018360
0.045170
0.043625
0.040636
0.038953
-0.036802
0.016407
0.000986
-0.008308
-0.008646
-0.043953
-0.039344
-0.009993
-0.060801
-0.084535
-0.086956
-0.104235
-0.176122
-0.027053
0.001663
-0.002327
0.090566
0.167414
0.218178
-0.006038
-0.001781
-0.004503
-0.006611
0.006328
0.012205
-0.001781
-0.001781
0.001763
0.000976
0.003709
0.006145
0.000000
-0.001162
-0.002440
-0.017013
-0.019434
-0.007796
-0.010158
-0.046825
-0.053053
-0.031886
-0.026817
-0.003744
-0.081048
-0.118312
-0.092867
-0.006170
0.002565
-0.008306
-0.003657
0.000000
0.000000
-0.001297
-0.002046
0.000000
-0.009009
-0.014798
-0.002911
-0.004412
-0.008042
-0.012266
-0.010258
-0.014785
0.003915
0.002839
-0.006545
-0.016936
-0.022636
-0.024096
0.000360
-0.025257
-0.027590
-0.028299
-0.024399
-0.066820
-0.050518
-0.063046
-0.060947
-0.035490
-0.008729
-0.117613
-0.093383
-0.040803
-0.069329
-0.044988
-0.114777
-0.119151
-0.053984
-0.049399
-0.034827
-0.014475
-0.068359
-0.096415
-0.039839
-0.038013
-0.038472
0.046660
-0.022717
-0.043389
-0.033821
-0.032839
-0.040228
0.023749
-0.025804
-0.015814
-0.003416
-0.044272
-0.018148
-0.098397
-0.037789
-0.014480
-0.021256
-0.050044
-0.035507
-0.191437
-0.134400
-0.087087
-0.072329
-0.014088
-0.045382
-0.037241
-0.012404
-0.000554
-0.000323
-0.001671
-0.000270
-0.010704
-0.015472
-0.000554
-0.003174
-0.003174
0.000000
0.000000
-0.003496
0.000000
0.000000
0.000000
-0.009230
-0.012931
-0.003523
-0.023639
-0.020116
0.000000
-0.009230
-0.014558
-0.002435
-0.022851
-0.022259
0.000000
-0.002072
-0.011836
-0.034761
-0.018992
-0.003891
-0.007972
-0.013903
-0.022440
0.513363
0.008636
0.027943
0.048905
0.190488
0.278219
-0.038304
-0.010831
-0.024322
-0.044652
-0.042356
-0.038751
-0.070509
-0.022111
-0.032310
-0.051695
-0.049420
-0.054283
-0.030662
-0.019450
-0.013473
-0.057157
-0.073470
-0.131202
-0.007740
-0.013151
-0.035486
-0.075946
-0.062283
-0.025805
-0.096673
0.026735
0.011262
-0.058999
-0.053701
0.117198
0.029311
0.048810
0.075023
0.115982
0.095110
0.015587
0.059283
0.058664
0.070850
0.079758
0.024085
0.040344
0.006047
-0.007718
0.023630
0.011661
0.056829
0.036281
-0.004702
0.056032
0.075536
0.051658
0.107892
0.029806
0.016460
0.054008
0.069793
0.023386
0.015475
0.010725
0.182300
0.145943
0.087234
0.079483
0.062810
0.044247
0.039199
0.005039
0.000000
0.000000
0.000000
-0.012727
-0.005196
0.016419
-0.018814
-0.023459
-0.014989
-0.016102
0.004720
-0.010669
-0.029642
-0.035829
-0.002683
-0.009606
-0.007325
-0.025990
-0.008542
0.013237
0.021252
-0.010105
-0.028738
-0.064905
-0.051456
-0.026300
-0.024358
-0.043822
-0.013264
-0.033920
-0.042381
-0.028462
-0.007683
-0.030186
-0.015447
-0.026541
-0.022506
-0.033828
-0.028024
0.021497
0.054834
0.046083
-0.046307
-0.036605
-0.035550
-0.004101
0.001221
-0.003729
-0.035529
-0.037980
-0.026041
-0.023315
0.000000
-0.012802
-0.037143
-0.034962
-0.037267
-0.053968
-0.045776
-0.025644
-0.028141
-0.022992
-0.016437
-0.076353
0.035899
0.000147
-0.000150
-0.049962
-0.052635
-0.151673
0.374630
0.089472
-0.059759
0.021775
0.089081
0.201706
0.008156
-0.008237
-0.006742
0.000000
0.014009
-0.029311
0.007273
0.017840
0.035656
-0.002455
-0.001874
0.013232
-0.026410
0.009656
0.026404
-0.011565
-0.006476
0.050845
-0.016874
0.002514
-0.002910
-0.004300
-0.007942
-0.021949
-0.016724
-0.129797
-0.077542
-0.033925
-0.074906
-0.127696
0.017483
0.047001
-0.020130
-0.012836
-0.002747
0.044822
0.032102
0.013414
-0.036077
-0.040952
-0.025523
-0.005028
-0.017266
-0.029331
-0.045645
-0.047987
-0.105728
-0.036656
-0.006798
-0.025430
-0.041137
-0.025562
-0.088563
-0.051817
0.032498
-0.014924
-0.013727
0.029858
-0.001854
-0.065022
-0.071778
-0.063053
-0.020338
-0.021201
-0.025839
0.000388
0.015127
-0.016538
-0.014917
0.036172
0.086159
0.050114
-0.019573
-0.125411
-0.069626
-0.115367
-0.077342
-0.059079
-0.023010
-0.076912
-0.049885
-0.163020
-0.170326
-0.119344
0.047462
-0.051539
-0.053106
-0.133896
-0.147979
-0.013503
0.039434
-0.073843
-0.078796
-0.026124
-0.026436
-0.006897
0.176678
0.139679
0.068554
0.012017
-0.021033
-0.088362
-0.151939
-0.048243
0.088096
-0.038988
0.040025
-0.144948
0.023143
0.055653
-0.038055
0.004247
0.036722
-0.046668
0.065957
0.014389
-0.039599
-0.032668
-0.017239
0.032640
-0.010711
0.034485
0.079278
0.011187
-0.046721
-0.030858
-0.011887
-0.007187
0.028518
-0.009893
-0.010973
0.025124
-0.101021
-0.130000
-0.076489
0.013885
-0.037538
-0.045337
-0.230924
-0.091005
-0.135015
-0.112088
-0.046179
-0.017011
-0.031786
0.042447
-0.076693
-0.052092
-0.074613
0.200529
-0.042684
-0.082127
-0.033757
-0.068119
-0.130317
0.049327
0.036855
-0.032576
-0.052936
-0.114947
-0.009005
0.229788
-0.173970
-0.076066
-0.001871
-0.033354
-0.082556
0.124768
0.121771
0.129290
0.021259
-0.102758
0.021141
0.333777
-0.039305
-0.076516
-0.124970
-0.113173
-0.112216
-0.012448
0.005763
-0.080578
-0.084084
-0.142505
-0.009060
0.000910
-0.025985
-0.048456
-0.028724
-0.127984
-0.090899
0.022451
-0.121166
-0.183467
-0.130968
-0.085694
-0.029313
0.019876
-0.155237
-0.334076
-0.070786
0.147913
0.274465
0.038000
0.145699
0.033154
0.079858
0.126806
0.150848
0.083351
-0.198830
-0.168903
-0.019970
0.131561
0.126505
-0.051095
-0.119559
-0.111081
-0.035637
0.045939
0.057231
0.071666
-0.012527
0.013445
0.035294
0.020693
0.004029
0.086912
-0.007125
0.086047
0.185364
0.089652
0.014794
0.200330
-0.024072
0.095707
0.205108
0.161312
0.161687
0.180800
0.009227
0.052436
0.038241
0.138581
0.169702
0.017368
-0.143803
-0.073663
-0.009502
0.059362
0.051717
0.115729
-0.122627
-0.065825
-0.020677
-0.020372
0.139637
0.195589
-0.081108
0.007887
-0.029431
-0.130631
0.047526
0.164778
-0.075710
0.006648
-0.102755
-0.099343
-0.054148
0.036559
-0.004672
0.003818
-0.036183
0.008322
0.017340
0.008790
-0.100554
-0.224968
-0.280800
-0.212986
-0.120366
-0.140570
0.275814
-0.091511
-0.083771
-0.056997
-0.093223
-0.332031
0.196389
-0.015879
-0.005756
-0.000204
-0.005335
-0.106854
0.214895
-0.014533
-0.025449
-0.019046
-0.058727
-0.113660
0.143834
-0.087109
-0.077296
-0.055800
-0.141087
-0.146029
0.173880
-0.084461
-0.069362
-0.116437
-0.162893
-0.099945
0.092411
-0.031175
-0.075396
-0.085340
-0.107289
-0.187127
-0.122401
-0.133121
-0.114929
-0.043698
0.014213
0.133101
-0.015721
-0.020508
-0.024980
-0.023855
-0.021580
-0.027872
-0.017014
-0.014841
-0.019341
-0.017128
-0.018974
-0.029317
-0.017385
-0.019460
-0.024994
-0.016324
-0.000369
-0.018595
-0.019650
-0.025729
-0.017579
-0.015443
-0.010492
-0.037730
0.047914
-0.002574
-0.032205
0.034583
0.047599
0.018940
-0.001849
-0.011583
0.012623
0.014316
0.018085
0.081601
0.000000
0.000000
0.000000
0.000000
0.000000
-0.003537
0.000000
-0.004742
-0.002156
-0.001806
-0.000179
-0.003974
0.000000
-0.005697
-0.002219
-0.001806
-0.010559
-0.002615
-0.029170
-0.044764
-0.019348
-0.026437
-0.032573
0.000000
-0.013453
-0.050673
-0.033600
-0.063999
-0.103219
-0.162767
-0.016311
0.025462
-0.050855
-0.075657
-0.071956
-0.135237
-0.033035
-0.005350
-0.014591
-0.023379
-0.041971
0.050977
-0.021165
-0.038873
-0.035640
-0.013029
-0.040130
-0.021566
-0.036410
-0.013730
-0.015918
-0.044342
-0.109089
-0.033794
-0.064083
-0.020199
-0.025946
-0.115344
-0.126446
-0.045007
-0.081965
0.097555
0.064451
0.050823
0.090746
0.302807
0.002743
0.023273
0.046593
0.072713
0.118626
0.052926
-0.004036
0.007442
-0.005623
0.009622
0.044844
0.028966
-0.007330
-0.001846
-0.031322
-0.059314
-0.055069
0.011193
-0.009546
-0.004746
-0.021874
-0.054890
-0.055883
-0.008956
-0.015381
-0.001158
-0.001158
-0.003471
-0.039691
-0.052077
-0.081925
-0.036920
-0.023030
-0.011553
-0.029762
-0.080657
0.203329
0.233740
0.223740
0.223596
0.142147
0.031415
0.137393
0.158369
0.208287
0.100717
0.045957
-0.040482
-0.049674
-0.126372
-0.082594
-0.108042
-0.109798
0.041887
-0.086549
0.029033
0.051632
-0.088209
0.042979
0.279622
0.071052
0.219469
0.255376
0.214824
0.246290
0.409823
0.131294
-0.006009
0.049754
-0.036805
-0.134054
0.074420
-0.101459
-0.021521
-0.016748
-0.018800
-0.023854
-0.057911
-0.056779
-0.017056
0.005246
0.006065
-0.017623
-0.048065
0.052594
-0.007031
-0.007810
-0.003974
-0.023234
-0.031774
0.080471
-0.029940
-0.008892
-0.004535
-0.014481
-0.019083
0.132305
-0.033113
-0.011700
-0.031633
-0.041517
-0.012560
0.258981
0.009686
-0.050004
-0.006005
0.016705
-0.088818
0.025227
-0.014857
0.077970
0.124250
0.095420
0.101399
-0.053567
0.040342
0.092648
0.087005
0.101987
0.044625
-0.091668
0.087082
0.138972
0.018355
0.113685
-0.015065
-0.042600
0.106688
0.069442
-0.027631
0.059132
-0.015186
0.048520
0.130624
-0.004480
-0.008681
0.046833
0.177532
0.004379
0.073845
0.092624
0.034634
0.042269
-0.108240
-0.007202
-0.011596
0.061672
0.169586
0.136818
0.053723
-0.008501
-0.002891
-0.026312
0.056653
0.020743
0.031681
0.004471
0.021761
0.011120
-0.029666
-0.039565
0.030634
0.032563
-0.006609
-0.054906
-0.051919
-0.024945
0.002014
-0.006532
-0.009862
-0.056754
-0.040963
-0.000109
0.036138
0.081800
0.048169
0.012296
0.057451
0.049693
0.147844
-0.025420
-0.015935
0.031754
0.045891
0.009525
-0.027503
-0.009643
0.006821
0.057295
0.064581
0.034629
0.016005
-0.003694
0.029285
0.048851
0.031009
0.018881
0.014981
-0.003301
0.002453
0.020734
0.002998
0.021900
-0.001774
-0.007958
0.013991
0.011981
0.003708
-0.000192
-0.044890
-0.006063
0.010111
-0.003024
-0.017197
0.008217
-0.026723
0.273744
0.075237
0.002179
-0.028104
-0.093752
0.119561
0.093864
0.000000
0.000000
-0.013386
-0.022364
-0.015516
0.000000
-0.003755
-0.004795
-0.009070
-0.015392
-0.008785
0.000000
-0.004892
-0.006254
-0.001311
0.000000
0.000000
0.000000
-0.001158
-0.001511
-0.000451
0.000000
-0.001977
-0.006733
0.016790
0.067131
0.075894
0.053182
0.049911
-0.074976
-0.094444
-0.000645
0.041442
0.031270
-0.112741
-0.010590
0.014925
0.088652
0.086227
0.052348
0.101921
0.002217
0.084749
0.144820
0.071216
0.072755
0.116716
0.051411
0.058052
0.053477
0.050855
0.046743
0.118856
-0.027565
0.035606
0.045860
0.051260
0.028902
0.048937
-0.018583
0.044041
0.015822
-0.041894
-0.010122
-0.026105
-0.005020
-0.000189
-0.000029
-0.000096
-0.000122
-0.005459
0.000000
-0.004265
-0.004092
-0.000476
-0.000122
-0.006866
0.000000
-0.004265
-0.003421
0.001872
-0.001507
-0.000580
-0.004977
-0.009863
-0.002417
-0.001593
-0.002980
-0.002900
-0.015654
-0.018086
-0.003313
-0.003030
-0.002384
-0.004123
-0.013418
0.026792
0.028528
0.002338
-0.027200
-0.005169
-0.014197
-0.042972
-0.019978
-0.005771
-0.004476
-0.115331
-0.067606
-0.020936
-0.002130
-0.002645
-0.004198
-0.001412
-0.020881
-0.009207
-0.007320
-0.001855
-0.002786
0.000000
-0.001684
-0.006008
0.000179
0.003648
0.000000
-0.001085
-0.001645
-0.003492
0.003093
0.003781
-0.002438
0.000000
-0.008107
-0.015426
-0.010378
-0.002284
-0.009671
-0.003402
0.053303
0.013544
-0.010813
-0.005005
0.018949
0.002586
0.000000
0.000000
-0.000515
-0.000515
-0.001337
-0.000363
0.000000
0.006614
0.006614
0.000000
-0.001337
-0.000234
-0.003115
0.003238
-0.024883
-0.028675
-0.029100
-0.008978
-0.018722
-0.020386
-0.034048
-0.034048
-0.022559
-0.008978
-0.021532
-0.070831
-0.092592
-0.072089
-0.085411
-0.087742
-0.003769
0.000000
0.000000
0.000000
-0.001250
-0.006185
0.000000
-0.000871
-0.002393
0.000000
-0.001250
-0.005717
0.000000
-0.001856
-0.003891
0.000000
0.000000
0.000000
0.000000
0.000000
0.000000
0.000000
0.000000
-0.001662
0.000000
-0.001206
0.000000
-0.000764
-0.000071
0.003071
-0.070222
-0.001797
-0.001030
-0.000378
-0.055768
-0.075830
0.037650
0.069741
0.083383
0.041288
-0.026434
-0.027283
0.000000
-0.007949
-0.008448
-0.017416
-0.016709
-0.004241
-0.000459
-0.008679
-0.019433
-0.011716
-0.004522
-0.183545
-0.000595
-0.063353
-0.077463
-0.073363
-0.054098
-0.182337
-0.011014
-0.053381
-0.084401
-0.091577
-0.070701
-0.045566
0.191067
0.162504
0.079942
0.075827
0.079813
0.197568
0.134140
-0.184273
-0.125004
-0.087869
-0.135104
-0.168407
0.037749
0.084755
0.030407
0.021177
0.032404
0.068166
0.025689
0.035818
-0.029449
-0.034141
-0.024354
0.050655
0.012114
0.004337
-0.043614
-0.013617
-0.063396
-0.023145
0.044220
0.077076
-0.018694
-0.019315
-0.006385
0.039392
-0.037423
0.015058
-0.081678
-0.092862
-0.059891
0.013813
0.107318
0.209621
0.202831
0.121509
0.009939
-0.056273
0.090625
0.171368
0.079033
-0.020372
-0.070593
0.096380
0.001920
-0.012343
-0.039464
-0.035369
-0.044325
-0.033999
-0.001435
-0.004684
-0.005775
0.007486
-0.089438
-0.113154
-0.088006
-0.087658
-0.104605
-0.080561
-0.114500
-0.079749
-0.051124
-0.037632
-0.078278
-0.132721
-0.083843
0.022938
-0.062427
-0.009269
-0.010369
-0.021367
-0.020454
-0.074026
0.000000
-0.002949
-0.000694
-0.005317
-0.007779
-0.035409
-0.004332
0.000000
-0.006667
-0.007107
-0.012265
-0.031835
-0.008009
-0.027578
-0.033693
-0.023080
-0.017480
-0.033373
-0.010034
-0.077896
-0.081298
-0.063686
-0.054318
-0.035226
-0.086060
0.016830
0.114817
0.020968
-0.031394
-0.141113
-0.042388
0.122205
0.095912
0.098917
0.028366
-0.094870
-0.009141
0.075642
0.068998
0.053181
0.012494
0.023776
-0.044140
0.004229
-0.024485
-0.020898
-0.012785
-0.009711
-0.029654
-0.018118
-0.070837
-0.077013
-0.006468
-0.070141
-0.035473
-0.018971
-0.069081
-0.061131
0.001078
-0.086741
-0.052036
0.081163
0.009940
0.029943
0.012491
0.059534
0.085107
0.000363
0.102736
0.162319
0.127600
0.068210
0.051930
-0.021965
-0.058575
-0.079000
-0.078196
-0.089404
-0.006720
0.038168
0.038021
0.014692
-0.024913
0.083739
-0.034847
-0.015590
0.057871
0.023432
0.036548
0.273171
-0.090675
-0.116578
-0.066835
0.024051
0.052656
0.257381
-0.002946
0.061500
-0.143860
0.055170
0.122479
0.110831
0.015673
0.024412
-0.008930
-0.008828
-0.011173
-0.011631
0.061792
0.047940
-0.017911
-0.010217
0.020506
-0.017402
0.028060
0.022436
-0.013518
-0.024646
-0.014485
-0.022992
-0.007641
0.015898
0.005212
-0.014695
-0.018844
-0.013955
0.012004
0.075923
0.038274
-0.007149
-0.017559
0.012847
0.023135
0.008806
-0.021375
0.020039
0.015230
0.003570
-0.118110
-0.120983
-0.138818
-0.162810
-0.249290
-0.313612
0.005416
-0.049650
-0.092780
-0.090519
-0.085520
-0.056408
0.024222
-0.056114
-0.115798
-0.146660
-0.128212
0.016349
-0.027993
0.002563
-0.013688
-0.102552
-0.123716
-0.049302
-0.022485
0.022718
0.015399
-0.006384
-0.031467
-0.065608
-0.027267
-0.042810
-0.022746
0.043264
0.010277
-0.037991
0.211502
0.019760
0.075312
0.062404
-0.019364
-0.117867
0.019952
0.100445
0.141146
0.074402
-0.040118
-0.035716
-0.005905
0.105146
0.110527
-0.068028
-0.134891
-0.173945
-0.008502
0.055677
0.036709
-0.079572
-0.121862
-0.099632
-0.012818
-0.057343
-0.067392
-0.021156
-0.043862
0.127540
0.250394
0.002265
0.032434
0.046802
-0.024280
0.022556
-0.015048
0.030462
0.004438
-0.003211
-0.016315
0.022152
0.034648
0.104741
0.079868
0.032831
0.008211
0.052695
-0.008965
0.008209
0.008774
0.001464
0.003515
-0.085512
-0.013700
-0.026245
-0.008370
-0.009194
-0.078675
-0.125947
-0.002298
-0.036142
-0.007390
-0.007160
-0.080588
-0.100751
-0.019483
0.000000
-0.049371
-0.049371
-0.018800
0.037072
0.315907
0.260315
0.070255
0.147944
0.188544
0.186021
-0.023995
-0.008924
-0.034755
-0.000818
0.001249
-0.069566
0.014099
-0.004000
-0.002483
-0.010160
-0.007419
0.000941
0.025251
-0.026616
0.049198
0.049504
0.019250
-0.050297
0.046393
-0.024399
0.072457
0.088304
0.076912
0.002498
0.200835
0.025537
0.006931
-0.023772
-0.024266
-0.087094
-0.038303
-0.014543
-0.013379
-0.027542
-0.008881
-0.021717
-0.004065
-0.006750
-0.008775
0.023441
0.096407
0.075145
0.019020
0.002415
-0.015321
0.049804
0.056592
-0.027119
0.008850
0.048577
0.077281
0.070074
0.055027
-0.040151
-0.023822
0.079781
0.082204
0.070480
-0.041466
-0.042933
-0.067008
-0.012130
-0.011739
0.011043
-0.022522
0.057820
0.048311
0.050007
0.056525
0.046890
0.009092
-0.037640
0.118748
0.120726
0.028994
0.018329
0.008164
-0.017330
0.051247
0.058568
0.011160
-0.004346
0.034651
-0.038017
0.067003
0.062284
-0.010297
0.015683
0.019246
-0.024362
0.057598
0.046280
0.008504
0.027122
-0.000368
-0.026302
-0.019654
-0.010182
-0.013809
-0.004840
-0.020996
-0.050624
0.091015
-0.202257
-0.248175
-0.159921
0.038492
-0.261338
-0.049305
-0.203406
-0.165168
-0.041527
0.033805
-0.348920
-0.273177
-0.192109
-0.073734
-0.042776
-0.076647
-0.286744
-0.218200
-0.221029
-0.030545
0.084450
0.077979
0.082885
-0.140356
0.034033
0.152941
0.212209
0.189708
0.028728
-0.057590
0.033880
0.148766
0.130345
0.083449
-0.040352
-0.021752
-0.007754
-0.005864
-0.006821
0.000000
-0.004659
0.000000
-0.004412
-0.004412
0.000000
0.000000
0.000000
0.000000
-0.015117
-0.021080
-0.002535
0.000000
-0.012422
-0.001364
-0.013409
-0.021088
-0.017776
0.000000
-0.015537
-0.002999
-0.024733
-0.066992
-0.055015
0.000000
-0.002216
-0.077272
-0.072464
-0.023695
-0.016747
0.000000
-0.000429
0.229035
0.023874
-0.013128
-0.016851
-0.022809
0.043025
0.004734
0.008083
-0.051739
-0.048597
-0.012577
0.030270
0.007354
-0.011225
-0.042850
-0.042775
0.008530
-0.005889
0.011611
0.005973
0.013426
-0.139494
-0.150262
-0.040888
-0.024108
-0.037617
-0.053539
-0.110957
-0.075219
-0.025556
-0.113104
-0.098562
-0.108664
-0.003753
0.058648
-0.019780
-0.095471
-0.009127
0.004191
0.000292
-0.064727
0.024562
-0.106704
-0.030582
-0.061614
-0.031598
0.019022
-0.036041
0.044146
0.032331
-0.021408
0.021659
0.048095
-0.015355
0.005085
0.039480
0.013630
0.023744
0.011953
-0.038271
-0.033689
-0.012034
-0.006678
0.012285
-0.026225
-0.028965
-0.035756
-0.015156
-0.004841
-0.022786
-0.028920
-0.040440
0.331122
-0.010089
-0.006306
0.059516
0.094279
0.049509
0.029155
-0.079299
0.000917
0.050703
0.134700
-0.084502
-0.043340
-0.005294
0.105308
0.039236
-0.003513
-0.253734
-0.017676
0.005135
-0.048169
-0.034737
-0.117114
-0.376601
0.074407
0.025506
-0.059191
-0.052495
-0.076805
-0.445015
0.237824
0.237367
0.103775
0.297266
0.182610
-0.298814
-0.071362
-0.076677
0.018838
-0.054811
-0.014747
-0.003051
-0.026965
0.075090
0.152392
0.079378
0.115331
0.048952
-0.029348
0.032694
-0.019985
0.028003
0.031540
-0.022214
-0.036795
-0.026541
-0.029217
-0.053828
-0.007021
0.030249
-0.095275
-0.093019
-0.019207
0.008974
-0.022353
0.127068
-0.051333
0.028475
0.019403
0.005063
0.055992
0.191945
0.004581
0.099569
0.031557
0.022272
0.017528
0.030601
0.027429
0.189108
0.099812
0.057149
0.087484
0.000370
0.122936
0.135327
0.008668
0.008802
0.005559
-0.000432
0.034058
0.102488
0.014537
-0.002061
-0.000787
0.000000
-0.003616
0.131253
0.027800
-0.017890
-0.025067
0.000000
0.046304
-0.035680
0.029499
-0.042076
-0.051976
-0.089088
-0.094821
-0.103419
0.109247
0.191136
0.103102
-0.123269
-0.076677
0.000703
0.113507
0.110197
0.058650
0.007620
-0.086714
0.033536
0.027772
0.090825
0.137467
-0.082541
-0.053232
0.072813
0.041814
0.045996
0.073638
-0.040032
-0.054798
0.090912
0.068420
0.036812
-0.019114
0.006289
0.054334
0.097913
-0.004819
0.021836
0.045334
0.097252
-0.167027
0.101085
-0.021943
0.044584
0.127168
0.184609
-0.127182
0.179068
0.060619
0.062645
0.054233
0.053804
-0.174875
0.022780
0.002833
-0.054484
-0.100546
-0.129745
-0.107649
0.103494
0.063933
0.007083
-0.009339
0.085087
-0.125515
0.280844
0.236540
0.005684
-0.000294
0.100998
-0.221545
-0.016840
0.017142
0.046303
0.100937
0.051573
-0.005937
0.069579
0.057559
-0.015150
0.003675
0.053105
-0.012804
0.016879
-0.001856
0.046468
0.082640
0.005789
0.075612
0.022490
-0.000991
0.044426
0.069145
-0.042493
0.087418
0.007770
0.013918
-0.026179
-0.038005
-0.111538
0.001466
-0.013971
-0.000784
-0.031147
-0.024380
-0.036861
0.083012
-0.010944
0.041750
0.106713
0.062447
0.014415
-0.008024
-0.000490
0.001096
0.021369
0.040089
0.050392
-0.006149
-0.000150
0.001437
0.049464
0.054904
0.048575
-0.002050
0.009275
0.009785
0.000000
0.004323
0.007198
-0.001225
0.031933
0.031631
0.001161
-0.000004
0.035965
0.022394
0.045629
0.021846
0.000513
0.007912
0.056350
0.006283
0.019832
0.025733
0.033667
0.014903
-0.023081
0.049390
-0.003905
-0.004169
-0.028319
-0.027424
0.039026
0.060423
-0.002207
0.000000
-0.001069
-0.002507
0.074650
0.052279
0.000000
0.000000
0.000000
-0.001606
0.066145
0.000000
-0.000355
-0.031125
-0.020694
-0.005509
0.046536
0.000000
-0.006219
-0.035706
-0.023403
-0.014371
0.012103
0.016543
0.085529
0.062044
0.069563
0.053558
0.024590
-0.113685
-0.069149
-0.087976
-0.068434
-0.067421
-0.157935
0.123598
0.117885
-0.083275
-0.057329
-0.026487
-0.098196
0.133925
0.102889
-0.011411
-0.054213
-0.071147
-0.120385
-0.012634
0.015712
-0.004476
-0.020870
-0.020948
-0.113166
-0.116874
-0.037081
-0.055337
-0.124072
-0.156679
-0.115616
-0.314895
-0.113607
-0.135142
-0.273509
-0.279509
-0.131802
-0.189395
-0.048123
-0.007749
-0.008778
-0.008130
-0.046977
-0.115715
-0.002280
-0.001412
-0.007409
-0.005997
0.002664
-0.019750
-0.000153
-0.003030
-0.005549
-0.003607
-0.003346
0.069611
-0.000153
-0.003030
0.003482
0.013902
0.003567
0.118086
-0.000118
-0.003655
0.004314
0.006149
-0.000544
-0.051949
-0.029076
-0.112796
-0.127764
-0.039378
0.032126
-0.130896
-0.141813
-0.034761
-0.037777
-0.033894
-0.055365
-0.002152
-0.001219
-0.000916
-0.003434
-0.007871
-0.008719
-0.000928
-0.000002
-0.005176
-0.018360
-0.001415
0.029331
-0.001821
0.000000
0.005348
0.004274
-0.001849
0.024461
-0.008023
0.004230
0.007623
0.011510
-0.006481
-0.016890
-0.046130
-0.055424
-0.077207
-0.060030
-0.039880
-0.054315
0.044046
0.015047
0.007882
0.005107
0.041804
0.173239
-0.004491
-0.001047
-0.004025
-0.003860
-0.002028
-0.008509
-0.003866
0.002485
0.008356
-0.000988
-0.006857
-0.012971
-0.003311
-0.004124
0.002214
-0.018838
-0.016119
-0.070467
-0.055923
-0.066105
-0.010179
0.002095
-0.012612
-0.019486
-0.045186
-0.048152
-0.020090
-0.040950
-0.051833
-0.096516
-0.164851
-0.089296
-0.051036
-0.063936
0.017457
0.090080
0.070221
0.011320
0.013249
-0.022464
0.010657
0.078215
0.022305
0.006501
0.006885
0.009812
0.004939
0.050300
0.001833
0.055570
-0.036660
-0.046026
-0.021154
0.042983
-0.031434
-0.055249
-0.092327
-0.083990
-0.079902
0.035234
0.106057
-0.009556
-0.045435
-0.074662
-0.069063
-0.053773
-0.002988
-0.012062
0.000098
0.041032
0.063853
-0.002681
-0.017768
-0.005891
0.036987
0.042420
0.067502
-0.011110
0.087225
0.072582
0.052013
0.080695
0.052712
-0.004699
0.092450
0.086321
0.027788
0.019097
0.012289
-0.001066
0.037522
0.026023
0.013025
0.012705
0.018623
-0.011663
0.087632
0.154510
0.058025
0.035478
-0.037222
-0.086104
-0.031698
-0.022200
-0.004832
-0.002615
-0.010966
-0.082206
-0.005084
0.021845
0.047172
0.063592
0.024377
-0.148593
0.003017
-0.070259
-0.010458
-0.026097
-0.065749
-0.134559
-0.031778
-0.026196
-0.007490
-0.084280
-0.119721
-0.146936
-0.050471
-0.071266
-0.028720
-0.120071
-0.142199
-0.048420
0.058714
0.100287
-0.083179
-0.057179
-0.035276
-0.033405
0.017326
0.053835
0.002483
-0.021051
-0.076977
0.020684
-0.016697
-0.044185
-0.047112
-0.070161
-0.067823
0.003087
-0.086779
-0.114421
-0.099580
-0.114162
-0.101092
-0.085599
-0.068168
-0.131978
-0.121449
-0.087137
-0.079361
-0.136751
-0.062321
-0.088540
-0.096460
-0.166523
-0.168045
-0.066161
0.183039
0.179834
0.122605
-0.083187
-0.006009
0.018892
-0.049458
-0.004350
-0.003663
-0.003301
-0.022439
0.134797
0.004938
-0.002711
-0.004382
-0.010409
-0.003598
0.337209
-0.001217
0.006991
-0.000203
-0.001904
-0.001904
0.125038
-0.012923
-0.007292
-0.017752
-0.010737
-0.000277
0.074903
-0.003896
-0.029006
-0.040108
-0.011516
-0.039976
0.064330
0.164898
0.083567
-0.015235
0.057407
0.045783
0.108003
-0.155015
-0.141225
0.018085
0.013482
-0.023942
-0.026688
-0.014882
-0.003998
0.007665
-0.002182
0.009956
-0.049943
-0.023918
0.004268
0.012850
-0.019685
-0.034252
-0.087484
-0.011098
-0.033005
-0.041113
-0.042379
-0.028053
-0.113285
-0.004840
0.027586
-0.065735
-0.066569
-0.033762
-0.035793
-0.125083
-0.139682
-0.110372
-0.046686
0.011457
-0.076996
-0.027233
0.320293
0.337847
0.205848
0.100961
-0.078063
-0.021567
-0.005436
0.066226
0.074681
0.088211
-0.018836
-0.003074
-0.010000
-0.031242
-0.017978
-0.006843
-0.052506
-0.003656
-0.006518
-0.004115
-0.007522
-0.032982
-0.106749
-0.002268
-0.023366
-0.004115
-0.012406
-0.015409
-0.023109
-0.033244
-0.019655
-0.031139
-0.036699
-0.055664
-0.091496
0.013299
0.012819
0.064457
0.119641
0.081529
-0.061951
0.059093
0.072813
0.089248
0.126363
0.094837
0.002725
0.014602
0.078352
0.127438
0.075523
-0.014988
-0.020709
0.044012
0.212589
0.162063
0.046087
-0.008478
0.009191
0.050040
0.096904
0.068001
-0.025034
-0.041406
-0.023327
-0.138882
-0.059018
-0.033808
0.062333
0.041665
0.196724
0.122417
0.003534
-0.004019
-0.006403
-0.003286
-0.000014
0.020177
-0.000576
-0.000449
-0.007495
-0.007543
-0.005024
-0.009155
-0.002887
-0.002887
-0.000180
-0.002494
-0.003552
-0.009212
-0.006256
-0.004503
-0.001319
0.000000
0.000000
-0.012880
-0.003319
-0.001919
-0.001319
0.000000
-0.002043
0.034212
-0.000517
0.000000
-0.002195
-0.011812
0.003365
0.053252
0.020020
-0.001482
-0.015591
-0.007567
0.057282
-0.089049
0.028660
-0.004705
-0.001707
-0.004223
-0.002458
-0.020715
0.034383
-0.000221
-0.007055
-0.004248
0.027765
-0.003221
0.057244
0.018617
-0.003686
-0.004153
0.005177
-0.002527
0.032887
0.015116
0.005169
-0.007832
-0.030673
-0.052781
-0.012625
0.073393
0.127317
0.093818
-0.018364
0.074037
0.058766
0.150911
0.107266
0.095164
0.187011
0.015951
0.063352
0.132870
0.144269
0.106220
0.323220
-0.018711
0.022315
0.018218
0.020083
-0.004096
0.145495
-0.014524
0.034546
0.061863
0.068169
0.032092
0.056321
-0.026210
-0.014214
0.013512
0.048431
-0.004895
-0.075665
-0.068775
-0.083176
0.023997
0.082133
0.058155
-0.036773
0.097085
-0.017791
0.024778
0.089759
0.026976
0.026087
0.139219
-0.002323
-0.007662
0.048020
0.033403
0.165079
0.142183
0.000678
-0.013979
0.029324
-0.003322
0.160700
0.146552
0.029217
-0.034183
-0.027833
0.027790
0.149584
0.106950
-0.039901
-0.052785
-0.004230
0.039485
0.151940
0.186438
0.123536
0.060280
0.031025
0.020542
0.181932
0.117824
-0.097458
-0.092125
-0.082715
-0.095532
-0.131506
-0.045865
-0.000994
-0.000173
0.000000
-0.001351
-0.006125
-0.021171
-0.010514
-0.006720
-0.001575
-0.003661
-0.008939
0.019747
-0.010514
-0.008666
0.000209
0.015219
-0.011438
-0.021042
-0.003604
-0.033527
-0.046687
-0.069556
-0.090118
-0.350485
-0.232443
-0.143995
-0.115685
-0.161700
-0.285779
0.174708
-0.060172
0.053107
0.067684
0.023695
-0.053613
0.047477
0.021435
0.022229
0.022183
-0.011095
-0.000275
0.000622
0.028473
0.035648
-0.009904
0.028535
-0.003742
0.023609
-0.007441
-0.004050
0.013456
0.044219
-0.038531
-0.000331
0.005354
-0.027923
0.005589
0.022357
-0.026787
-0.065111
-0.155675
-0.083534
-0.063587
-0.077423
-0.210787
-0.050677
-0.013353
-0.005481
-0.003919
-0.006368
-0.052526
-0.040847
-0.045248
-0.024662
-0.023839
-0.008453
-0.055889
-0.014900
-0.017416
-0.026300
-0.029350
-0.023525
-0.011456
0.000000
-0.059589
-0.069521
-0.012478
-0.020991
-0.010181
0.000000
-0.056386
-0.067815
-0.030443
-0.006703
-0.009830
-0.099518
-0.068746
-0.014564
-0.034797
-0.057101
-0.090490
-0.266088
-0.052425
-0.003329
-0.020807
-0.042125
0.101474
0.021278
0.064306
0.006023
0.018049
-0.001449
0.145442
-0.008883
0.018753
-0.008283
-0.011319
-0.008092
0.093542
-0.014577
0.042573
0.004875
-0.072397
-0.104336
-0.008194
-0.015911
0.035474
-0.041232
-0.101866
-0.132308
-0.023183
0.092012
0.138147
0.032163
0.003734
-0.003243
0.088210
-0.091782
-0.007447
-0.009811
0.004879
-0.086407
0.158210
-0.045016
0.040305
-0.014847
-0.020251
-0.023328
0.181959
-0.033268
-0.021146
-0.016646
0.004256
-0.050681
-0.003593
-0.045673
0.027511
-0.066086
-0.014827
0.041635
0.068018
-0.020794
-0.031800
-0.083239
-0.029410
0.044381
0.175444
-0.073222
-0.014332
-0.079588
-0.075343
-0.021802
0.165238
0.080198
-0.181081
-0.047959
-0.027194
-0.076780
-0.109799
-0.044910
-0.016212
-0.004483
-0.020467
-0.019059
0.003249
-0.038613
-0.020736
-0.004525
-0.000369
-0.000369
-0.072013
-0.003776
-0.006251
-0.024541
-0.023247
-0.036812
-0.081260
-0.008355
-0.024423
-0.020950
-0.020548
-0.036778
0.092898
0.145127
0.079056
0.053349
0.056397
-0.013498
-0.005950
0.042593
-0.047565
0.014800
0.055648
0.012481
0.047220
0.034099
0.004780
0.013226
-0.001547
-0.001817
0.043531
-0.029125
0.027235
0.013373
0.000000
0.000000
-0.007964
0.028590
0.017978
-0.000440
-0.008691
-0.011978
-0.099920
0.026037
0.005495
-0.004105
-0.001083
-0.013549
-0.171300
-0.013363
0.021638
-0.002523
-0.015781
-0.072321
-0.090277
0.068945
0.043171
0.030035
0.046318
0.051966
0.062094
-0.016927
0.014468
0.007978
-0.008797
-0.033301
0.046234
-0.003541
-0.009615
-0.011272
-0.007305
-0.007815
-0.021601
-0.006407
-0.040010
-0.034148
-0.078549
-0.078900
-0.031577
-0.045869
-0.051568
-0.054433
-0.054979
-0.067938
-0.037246
0.116574
0.035570
0.018828
-0.047756
-0.128630
-0.185000
-0.068068
-0.005198
-0.024032
0.030800
0.069223
-0.034810
0.014566
0.011017
-0.006049
0.049651
0.051410
0.015548
-0.000690
-0.006217
-0.006643
-0.001271
0.014554
-0.084046
-0.009974
-0.023829
-0.011765
-0.022275
0.012859
-0.088006
-0.024254
-0.032874
-0.002241
0.015010
0.012702
-0.064565
-0.037198
-0.039057
0.009677
-0.040191
-0.101755
-0.264595
0.029588
0.029094
-0.004453
-0.005337
-0.004988
-0.036773
0.028340
0.027673
-0.044166
-0.043526
-0.044000
-0.032755
-0.003558
-0.006210
-0.027299
-0.042313
-0.044091
0.010945
-0.006434
-0.007256
-0.024596
-0.055383
-0.047245
-0.000428
-0.032469
-0.032153
-0.040289
-0.072656
-0.053813
-0.032330
0.096851
0.132254
0.093019
0.063323
0.070174
0.081750
0.086939
-0.006870
-0.024770
-0.006108
-0.034009
-0.036786
0.019798
-0.031638
-0.029549
-0.029340
0.005632
0.039459
0.004716
0.031722
0.016270
-0.006383
0.051557
0.068370
0.024474
-0.019040
-0.007661
0.067393
0.118028
-0.012725
-0.040241
-0.065898
-0.012689
0.045952
0.141635
-0.014956
-0.164325
-0.056920
-0.007967
-0.037547
-0.017746
-0.120936
-0.331984
-0.224112
-0.212103
-0.070591
0.022572
0.150487
0.000000
-0.023671
-0.026530
-0.028518
-0.016034
0.000000
-0.006758
-0.026349
-0.029232
-0.030153
-0.015461
-0.360521
-0.003231
-0.072292
-0.107433
-0.102921
-0.225956
-0.360775
-0.026215
-0.092406
-0.125770
-0.118005
-0.145399
-0.114255
-0.202062
-0.042393
-0.005597
-0.034614
-0.028626
0.062478
-0.157442
-0.101632
-0.104688
-0.085568
-0.091985
-0.111070
0.003156
-0.014080
-0.009182
0.013353
-0.008762
-0.069496
0.004879
-0.008133
-0.065079
-0.057427
-0.026354
-0.041240
-0.155232
-0.065232
-0.085517
-0.084856
-0.027719
-0.052550
-0.127071
-0.111937
-0.058186
-0.043838
-0.046488
-0.044516
-0.043281
-0.074813
-0.089697
0.023034
0.106603
0.090065
0.027903
-0.002227
0.000000
0.000000
-0.000153
-0.003401
-0.019807
0.048824
-0.016904
-0.004283
0.007001
-0.035867
-0.043907
0.043371
-0.005597
-0.030242
-0.024808
-0.035888
-0.048674
0.004240
-0.008613
-0.029875
-0.025082
-0.050104
-0.062848
-0.032432
-0.031345
-0.034189
-0.035672
-0.096746
-0.089462
-0.015089
-0.017365
0.001043
-0.013893
-0.090931
0.085518
-0.050317
-0.035215
-0.013409
-0.057163
0.028375
-0.060571
0.000000
-0.000431
-0.002654
-0.001124
0.000000
-0.001479
0.000000
0.000000
0.000000
0.000000
0.000000
-0.019311
0.000000
0.000000
-0.000456
0.000000
0.000000
-0.023205
-0.004681
-0.007750
-0.033657
-0.033025
0.000388
0.018546
0.002462
-0.011408
-0.038133
-0.036197
-0.092997
-0.031191
-0.016970
-0.027926
-0.049802
-0.053875
-0.075958
-0.034425
-0.004253
-0.009414
-0.011951
-0.007966
-0.031147
-0.003389
-0.003540
-0.001500
-0.000367
-0.003805
-0.026140
-0.002438
-0.028909
-0.035262
-0.023180
-0.006462
-0.028565
0.006665
-0.019916
-0.040575
-0.023504
-0.015263
-0.008933
0.008884
-0.038209
-0.025863
-0.011573
-0.047480
-0.054221
-0.019261
-0.005855
-0.011107
-0.019489
-0.008676
-0.026733
-0.001952
0.000000
-0.004101
-0.006268
-0.005915
-0.010853
-0.009528
-0.003143
0.004618
0.005595
-0.009092
-0.010978
-0.020716
-0.009075
-0.007202
-0.027779
-0.035491
-0.015597
-0.024715
-0.024670
-0.004053
-0.014972
-0.022468
-0.045082
0.132689
-0.132459
-0.009836
-0.009750
-0.017640
-0.001530
-0.006500
-0.027901
-0.045882
-0.027663
-0.015391
-0.023695
-0.003020
0.008474
-0.015165
-0.035017
-0.007171
0.006081
-0.005458
-0.011137
-0.007046
-0.009680
-0.017182
-0.011386
-0.011874
-0.011727
0.006284
-0.004139
-0.007953
0.025780
-0.019036
-0.033045
-0.031679
-0.056506
-0.066044
-0.007851
0.177798
0.079194
-0.087927
-0.144210
-0.107126
-0.161310
-0.046368
-0.038959
-0.026793
-0.022135
-0.009722
-0.011269
-0.008866
-0.011508
-0.004119
-0.005783
0.017935
0.021590
0.084499
0.061656
-0.004627
-0.006098
0.026612
0.031928
0.088254
0.069272
-0.006176
-0.004851
0.006523
-0.018105
-0.021880
-0.013383
-0.007311
-0.004771
-0.016353
-0.049487
0.073846
0.084163
0.022570
0.011324
-0.000989
-0.033294
-0.012771
-0.002976
0.000000
-0.002158
-0.006437
-0.017170
-0.009254
-0.009253
-0.002836
0.000000
-0.002332
0.002763
-0.004627
-0.014444
-0.006251
-0.003903
-0.012471
-0.006217
-0.010834
-0.009620
-0.004121
-0.010110
0.011120
0.013504
-0.008081
-0.007415
-0.006240
0.002788
0.020295
0.001522
-0.003010
-0.008364
0.012467
0.030897
-0.038671
-0.049601
-0.072053
-0.053204
-0.058719
-0.029146
-0.017236
-0.006736
-0.026871
-0.043198
-0.035841
-0.016782
0.021268
0.018501
-0.018254
-0.059412
-0.052901
-0.019252
-0.034218
-0.173047
-0.010894
-0.015002
-0.031363
-0.071124
-0.087256
-0.344294
-0.003158
-0.008786
-0.000989
-0.108327
-0.122785
-0.282941
-0.018466
0.017388
0.125860
0.061156
-0.082376
-0.047673
-0.145156
-0.042688
-0.026647
-0.014122
-0.001566
-0.001654
-0.002740
-0.008475
-0.003943
-0.009844
-0.001553
-0.010520
0.076232
-0.003596
-0.000687
-0.001054
-0.007632
0.004484
0.072805
0.000000
-0.000866
-0.001233
-0.007632
0.009835
0.000659
-0.001859
-0.002724
-0.000179
0.000000
-0.006302
-0.056752
-0.008136
-0.056093
-0.061942
-0.053523
-0.051727
0.033864
-0.018294
-0.015768
-0.053060
-0.098748
-0.137778
-0.043747
-0.074060
-0.025487
-0.027039
-0.034942
-0.061302
-0.074871
-0.078570
-0.000350
-0.023752
-0.050090
-0.077186
-0.013283
-0.022190
-0.017432
0.022164
0.016130
-0.082365
-0.006897
0.012251
0.016937
0.025258
0.014184
-0.007727
-0.035827
-0.022829
0.010058
-0.003102
0.054536
0.028309
-0.007470
-0.023765
-0.017025
-0.012202
-0.026712
-0.041078
-0.005189
0.001328
-0.032264
-0.013079
0.019586
-0.000857
-0.001050
0.027475
-0.015752
0.022371
0.025355
-0.014898
0.006901
0.000390
-0.016885
-0.006421
-0.088713
-0.140812
-0.000321
0.010237
0.010798
0.032924
-0.032329
-0.128796
0.022337
0.051921
-0.006623
0.014346
0.007446
0.009767
-0.060097
-0.058974
-0.080986
-0.092228
-0.155614
-0.032092
-0.047336
-0.022998
-0.015995
-0.027524
-0.031585
-0.009595
0.004660
-0.024980
-0.014862
-0.018930
-0.030536
-0.014918
0.008600
-0.007791
-0.034353
-0.093138
-0.079358
0.006004
-0.024518
-0.022302
-0.105277
-0.158162
-0.119562
0.040860
0.036338
0.054180
0.058018
-0.094137
-0.032889
-0.013908
0.040817
0.065141
-0.058756
0.098428
0.150831
0.082799
-0.002452
-0.003228
-0.008216
-0.023021
-0.039291
-0.084005
-0.041596
0.034968
0.031010
-0.064620
-0.044311
-0.095029
-0.072154
-0.109499
-0.069419
-0.052742
-0.064755
-0.055655
-0.123456
-0.139741
-0.107362
0.064253
0.056158
-0.012453
-0.217364
-0.314722
-0.323165
-0.244880
-0.169725
-0.218292
-0.008588
0.000000
0.000000
0.000000
0.000000
0.000000
-0.020375
0.000000
0.000000
0.000000
0.000000
-0.000558
-0.020375
-0.001374
0.000000
0.000000
-0.008626
-0.001199
-0.007513
-0.054839
-0.035918
0.000000
-0.008626
0.000000
-0.004963
-0.054100
-0.054100
-0.003982
0.000000
0.000000
-0.054049
-0.060266
-0.030189
-0.004039
-0.013024
-0.033191
-0.012732
-0.004969
-0.015901
-0.007300
-0.009818
-0.060766
-0.014282
-0.003859
-0.003139
-0.004875
-0.010937
-0.006438
-0.015470
-0.009925
-0.045819
-0.018580
-0.002512
-0.012058
-0.009641
-0.040082
-0.078237
-0.047909
-0.004115
-0.008449
0.000000
-0.039107
-0.030448
-0.045764
-0.033192
-0.027346
-0.041081
-0.063557
-0.033087
-0.059659
-0.054685
-0.043172
-0.010813
-0.032479
0.000000
0.000000
-0.045377
-0.073115
-0.022946
0.011277
0.029709
0.013013
0.049949
0.041260
-0.000789
-0.046019
-0.044346
-0.006090
-0.003145
0.032096
-0.010527
-0.057644
-0.047776
-0.002897
0.000103
0.024330
-0.016503
-0.027711
-0.016199
0.000174
-0.004112
0.008931
-0.082523
-0.084256
-0.040533
-0.033298
0.076151
0.154195
0.000000
0.000000
0.000000
-0.009180
-0.009237
-0.001363
-0.006761
-0.011745
-0.000212
-0.004871
-0.004660
0.000000
-0.004824
-0.018120
-0.026046
0.020895
0.013920
-0.001257
-0.003762
-0.027482
-0.038581
0.015689
0.000563
-0.002288
-0.003954
-0.021071
-0.051626
-0.052663
-0.017789
0.018652
-0.011093
0.003132
-0.005530
-0.001091
0.015490
0.031101
-0.044573
-0.092408
-0.124982
-0.109642
0.040749
0.120515
-0.008864
-0.023821
-0.067259
-0.073685
0.021689
0.080723
0.059069
0.020937
-0.079282
-0.044748
-0.017298
0.005087
0.048426
-0.079326
-0.140340
-0.054691
0.054013
0.020106
-0.025215
-0.088340
-0.141897
-0.087319
-0.030998
-0.006894
-0.062209
-0.016817
-0.031600
-0.061516
-0.104073
-0.090429
-0.031161
-0.040848
0.062286
0.057784
0.004261
-0.004339
-0.017012
-0.004215
0.012908
-0.015422
-0.022088
0.014607
-0.008900
-0.014751
-0.026456
-0.020256
-0.022831
-0.161663
-0.005248
-0.015880
-0.056577
-0.036424
-0.216720
-0.339794
-0.006580
0.009110
0.004197
-0.020281
-0.241795
-0.400584
0.005070
0.155437
0.212179
0.028653
-0.133311
-0.046997
0.116121
0.013225
0.061761
0.043490
-0.021716
0.029488
-0.007400
-0.020057
-0.022942
-0.026154
-0.009207
0.013800
-0.028192
-0.014528
-0.006495
-0.017253
0.014833
-0.029993
-0.019006
-0.016301
-0.007277
-0.036789
-0.038012
-0.098165
-0.011832
-0.025844
-0.056379
-0.076600
-0.101228
-0.093335
-0.048456
-0.033099
-0.152046
-0.140170
-0.026068
-0.088538
0.067716
-0.024355
-0.010311
0.014142
0.024534
0.088261
0.070488
0.106544
0.054291
0.072059
0.074059
0.153768
-0.004358
0.085395
-0.006749
0.019291
0.041922
0.101405
-0.010894
0.004069
-0.015438
-0.024634
-0.010456
-0.011677
-0.014079
-0.014006
-0.044454
-0.027014
-0.062355
-0.049191
-0.045716
-0.011875
0.014394
0.025617
0.046071
0.245756
-0.020064
-0.056178
-0.062846
-0.037937
-0.045830
-0.080775
-0.010795
-0.027006
-0.034688
-0.005727
0.020703
0.020049
0.007121
0.020648
0.008405
0.016363
0.014731
-0.008102
-0.000053
0.017193
0.026999
0.034218
0.124450
0.126753
-0.042437
-0.012529
-0.000598
0.020220
0.064068
0.021313
-0.024955
-0.000175
0.071380
0.095794
0.039464
-0.061790
-0.010152
-0.023884
-0.015906
0.019172
0.028371
-0.034915
-0.005439
-0.012636
0.063474
0.059324
-0.000482
-0.036672
-0.004866
-0.000318
0.048412
0.054129
-0.011462
-0.043682
-0.019591
-0.037660
-0.062124
-0.012110
-0.024688
-0.052836
-0.050117
-0.073457
-0.072939
-0.030565
-0.021067
-0.030638
-0.099322
-0.020831
-0.027825
-0.015836
-0.085366
-0.067092
-0.021100
-0.042011
-0.061804
-0.068232
-0.020330
0.004840
0.096028
0.073523
0.056196
0.032939
0.014392
-0.012901
0.049789
0.058927
0.037288
0.067267
0.072462
-0.024170
-0.030089
-0.009693
0.016795
0.059263
0.034000
-0.042090
-0.093243
-0.005202
0.035095
0.011351
-0.014036
-0.072890
-0.194161
-0.261877
-0.139070
-0.029051
0.030140
-0.048429
-0.134593
-0.117830
-0.009331
-0.016580
-0.020554
-0.008763
-0.020822
-0.009389
0.005491
-0.021088
0.025107
0.036461
-0.003069
0.002639
0.007603
0.006474
0.063568
-0.017891
-0.007011
-0.034066
0.011686
-0.065269
-0.036277
-0.089110
-0.013807
-0.007078
-0.007909
-0.064197
-0.107846
-0.067979
-0.080096
-0.048129
-0.066994
-0.067862
-0.117479
-0.061051
-0.068461
-0.124827
-0.132740
-0.026768
-0.039698
0.024109
-0.030962
-0.009695
-0.043986
0.072810
0.125585
-0.014783
-0.030543
-0.028391
0.000894
0.009007
0.030728
-0.037026
-0.040382
0.005315
0.004997
-0.020333
0.013354
-0.073006
-0.037872
0.010312
0.024426
0.018598
0.005046
0.048303
0.127795
0.287396
0.095243
0.026924
0.106099
-0.002511
-0.006140
-0.001416
-0.003436
-0.002020
-0.005010
-0.030734
-0.002567
-0.001416
-0.001776
-0.001253
-0.007572
-0.013694
-0.005932
-0.002337
-0.002337
-0.001253
0.002129
-0.015079
-0.007380
-0.016899
-0.046815
-0.004937
-0.002796
-0.012149
-0.010186
-0.007735
-0.036412
0.041729
0.035176
-0.008189
-0.066001
-0.054575
-0.005164
-0.013924
-0.172934
-0.173164
0.003324
-0.003442
0.002603
-0.001525
-0.121970
-0.019654
0.079664
0.005120
-0.005263
0.015215
-0.107462
0.013082
0.028631
0.007350
-0.010841
-0.036179
-0.001256
0.011266
0.009670
0.011915
0.005483
-0.047463
0.033417
0.093932
-0.003035
0.018363
-0.020820
-0.084629
0.046491
0.047719
-0.080618
-0.074580
-0.069027
-0.045898
-0.046865
-0.062610
-0.067935
-0.062717
-0.004505
-0.007108
-0.003228
-0.002335
-0.024238
-0.020050
-0.008493
-0.014347
-0.004560
-0.009595
-0.002526
-0.006387
-0.010744
-0.011413
-0.001388
-0.008311
-0.002959
-0.001172
-0.001172
0.000000
0.000000
-0.000115
-0.009976
-0.003481
-0.008431
-0.027705
-0.040824
-0.010060
-0.054904
-0.026938
0.005157
-0.040756
-0.063793
-0.003125
-0.118180
-0.039278
-0.039846
-0.046902
-0.022178
0.017554
-0.037262
-0.015774
-0.019005
0.027086
-0.026319
0.076178
-0.013987
-0.017219
-0.054404
-0.099119
-0.049926
-0.028332
-0.019978
-0.015959
-0.050325
-0.100595
-0.068781
0.000179
-0.022305
-0.019215
-0.036233
-0.035965
-0.019890
0.012597
-0.071488
-0.051024
-0.017667
0.030237
0.069526
-0.021284
-0.151870
-0.058862
0.007945
0.012494
-0.021943
-0.010433
0.023178
-0.031278
-0.042048
-0.094446
-0.087954
-0.104098
0.019381
-0.065017
-0.053382
-0.084655
-0.114063
-0.123473
-0.041458
-0.053942
-0.048446
-0.083468
-0.088607
-0.063398
0.160634
-0.003002
-0.013469
-0.084155
-0.067641
-0.065956
0.069793
-0.160508
-0.119577
-0.162613
-0.086403
-0.124134
-0.049155
-0.039024
-0.057169
-0.042890
-0.013220
0.038527
0.024992
-0.053655
-0.066642
-0.045588
-0.058196
0.060695
0.052821
-0.026839
-0.061482
-0.042549
-0.018095
-0.023523
-0.045135
-0.022861
-0.018025
0.002383
0.019622
0.019136
-0.045289
-0.062514
-0.034852
-0.020986
-0.024227
-0.013519
-0.156022
-0.083513
-0.055561
-0.051536
-0.035090
-0.040588
-0.072985
0.000000
0.000000
0.000000
0.000000
-0.001284
-0.021898
-0.006482
-0.018144
-0.004928
0.000000
0.000000
-0.000103
-0.006482
-0.016338
-0.003447
0.000000
-0.003422
-0.000882
0.000000
-0.018063
-0.018063
-0.002302
-0.003422
0.000000
0.000000
-0.001136
-0.000337
-0.006783
-0.002302
0.010245
-0.005814
-0.011637
-0.003390
-0.007783
-0.014825
-0.057151
-0.039505
0.004150
-0.039484
-0.038793
-0.148050
-0.006189
-0.028138
0.009751
0.046063
0.023285
-0.013325
-0.006643
-0.014003
0.012887
0.048507
0.028743
-0.013534
-0.009624
0.013958
0.015889
0.014435
-0.035877
-0.025567
-0.017199
-0.000978
0.018811
0.004400
-0.041930
-0.047292
-0.027255
-0.024455
-0.006178
0.002994
0.004235
-0.030478
0.138201
0.019681
-0.001456
0.026631
0.026985
-0.107960
0.123814
0.021292
0.008406
0.020344
0.014634
-0.052727
0.129621
-0.019881
-0.033113
-0.027395
0.085455
0.019899
0.107980
-0.023179
0.028630
0.015771
0.035544
-0.041601
0.091600
-0.096691
0.003899
0.053642
-0.008006
-0.067567
0.148097
0.156713
0.232727
0.255441
0.224282
-0.131810
0.006939
0.045432
-0.001996
-0.001026
0.042424
0.035393
-0.030804
-0.023812
0.001590
0.015839
0.040764
0.039142
-0.026036
-0.021597
0.000520
0.016730
-0.057341
-0.058630
-0.022392
-0.021446
-0.012425
-0.014923
-0.075509
-0.125174
-0.010807
-0.008258
-0.007476
-0.037894
-0.105911
-0.147133
-0.019668
-0.035811
-0.046262
-0.053821
-0.145750
-0.116678
0.018673
-0.039686
-0.081984
0.073377
0.061899
0.059476
-0.002207
-0.025007
0.026916
0.125158
0.122044
0.119412
-0.001122
-0.005660
0.006058
0.001715
0.000793
0.019210
-0.006302
-0.026654
-0.015766
-0.012418
-0.087325
-0.011765
-0.009505
-0.028584
-0.027115
-0.020520
-0.070079
0.050650
-0.016535
-0.011241
0.019190
-0.005546
0.027634
0.111352
0.021948
0.151011
-0.008526
-0.059311
-0.082229
-0.009032
0.008190
0.181740
0.079241
0.130032
0.052725
-0.010675
-0.020883
0.017503
0.088692
0.065235
-0.021313
-0.015226
0.052238
0.043807
0.051857
0.036693
-0.049079
-0.049300
0.048136
0.033468
0.083891
0.114269
-0.045190
-0.014487
-0.044116
0.034114
0.046308
0.042446
0.020744
-0.003596
0.018021
-0.026988
-0.053053
-0.069966
-0.045493
-0.006222
-0.015152
-0.042171
-0.158562
-0.177972
-0.120458
-0.026165
-0.047637
-0.136145
-0.235019
-0.117883
-0.088664
-0.028640
-0.058538
-0.174549
-0.176667
-0.015993
-0.026076
-0.021527
-0.043186
-0.066662
-0.006423
0.027849
-0.020518
-0.028842
-0.009851
-0.002811
0.003465
0.002375
-0.030477
-0.030053
-0.081390
-0.003125
-0.025990
-0.037361
-0.049294
-0.035504
-0.025226
-0.007051
-0.030368
0.004711
0.032740
0.028016
-0.027337
-0.021613
-0.040837
-0.021784
-0.211542
-0.111557
-0.024458
-0.033847
-0.053555
-0.222161
-0.245314
-0.150991
-0.018909
-0.061910
-0.056700
-0.236562
-0.272694
-0.044333
-0.134921
-0.083775
-0.073127
-0.176831
-0.129615
-0.146802
0.328080
0.041984
0.010765
-0.009819
-0.009661
-0.033923
0.062686
-0.008120
-0.000736
-0.002674
-0.000769
0.000763
0.035159
0.040014
-0.012914
-0.009202
-0.008137
-0.027998
0.018478
0.020219
-0.032957
-0.037615
-0.003788
-0.038544
-0.017261
-0.017640
-0.031727
-0.026650
-0.000129
0.031131
0.536221
0.557299
0.239787
0.058031
0.098504
-0.004730
-0.002702
0.088057
-0.019214
-0.004817
-0.018506
-0.021017
0.037939
0.117231
-0.015184
-0.008269
-0.011246
-0.011219
0.009295
0.009645
-0.030989
-0.014328
-0.009852
-0.006077
0.014458
-0.005905
-0.087975
-0.070165
0.031464
0.038883
-0.011277
-0.083998
-0.096829
-0.117057
-0.073796
-0.034176
-0.052907
-0.047319
0.028700
-0.007935
-0.070888
-0.016057
0.029252
-0.021332
-0.042910
-0.012040
-0.015702
-0.007264
0.033762
-0.009022
-0.012825
0.022294
0.007404
0.005928
0.016753
-0.004380
-0.011356
-0.005007
0.016432
0.008344
0.010277
0.026254
0.008299
0.019854
0.049056
0.016205
-0.020806
0.051708
-0.033170
0.003319
0.064310
0.060315
-0.008503
0.055025
0.000395
0.017422
0.079936
-0.014156
-0.250327
-0.163638
-0.110066
0.020345
0.088956
0.160493
-0.191604
-0.157697
-0.101726
-0.035927
0.133243
0.117206
-0.046726
-0.032377
-0.022175
0.013457
-0.011264
-0.008348
-0.040900
-0.060415
-0.001086
-0.008439
0.009950
0.018882
-0.011100
0.003994
-0.012763
-0.037180
-0.066280
0.007591
-0.034942
0.039409
-0.050100
0.010873
-0.010835
0.018832
-0.022807
-0.002805
-0.018817
-0.026128
-0.027725
-0.021180
-0.004866
-0.006044
-0.030655
-0.011335
-0.014025
-0.018755
-0.007025
0.007369
0.021377
0.030084
0.001295
-0.016199
-0.063882
-0.023549
0.030832
0.031128
-0.068629
-0.045977
0.054909
-0.000101
0.036838
-0.011300
-0.027011
-0.052979
-0.038649
-0.013274
-0.014344
-0.074497
-0.074169
-0.053905
-0.038022
0.114592
0.088381
0.016782
0.036128
0.001609
0.012960
0.111865
0.045895
0.059127
0.003988
-0.045442
0.017486
0.102447
0.029676
0.049111
-0.005013
-0.058560
0.010395
0.060865
-0.066833
-0.040291
-0.008011
-0.038049
-0.066032
0.032093
-0.038419
-0.082369
-0.030302
-0.044953
-0.240147
-0.047445
0.105570
0.066628
-0.050024
-0.123579
0.039145
-0.066636
-0.045669
-0.084729
-0.119734
-0.188622
-0.005583
-0.007965
-0.005150
-0.003054
-0.003453
-0.071778
0.085727
-0.001673
-0.009299
-0.018796
0.000634
-0.015907
0.154559
-0.014197
-0.013261
-0.015974
0.000787
-0.004188
0.213438
-0.022633
-0.011112
-0.006082
-0.041696
-0.057011
0.304422
-0.058299
-0.010752
-0.003236
-0.050306
-0.082436
-0.273836
0.136508
0.163731
0.242646
0.145955
0.356414
0.086473
0.061506
0.079904
0.147904
0.291158
0.374915
0.124825
0.066036
0.043650
0.080117
0.223665
0.305094
0.117681
0.121172
0.105429
0.034057
0.073168
0.182250
0.041448
0.011210
0.021124
-0.086224
-0.062238
0.123448
0.097072
0.107553
0.241090
0.299151
0.172488
0.154469
-0.202380
-0.016566
-0.061441
-0.103263
-0.017083
-0.171005
-0.010040
0.120369
0.113158
0.068787
0.118465
0.053065
0.038851
0.048875
0.042717
0.043494
0.225776
0.148974
0.014379
0.062528
0.056232
0.042229
0.088937
0.187566
0.042272
0.039530
0.078827
-0.134756
-0.062460
0.042655
0.005966
-0.059715
0.082392
0.093420
0.101202
-0.063093
-0.013590
0.038579
-0.001588
-0.006413
0.003080
-0.014697
-0.003016
0.055789
0.001874
-0.002524
0.008828
-0.007380
-0.005187
-0.024182
-0.036181
0.037599
0.019807
-0.005813
-0.003073
-0.048274
-0.099770
-0.022824
-0.028218
-0.037101
-0.081058
-0.074919
-0.086788
-0.047135
0.047574
-0.039927
-0.122075
-0.120549
-0.017101
0.016628
0.030095
-0.055596
0.257889
-0.018931
-0.092279
0.073654
0.252061
0.536155
0.004545
-0.009979
-0.080456
-0.041148
0.060552
0.204572
-0.017066
-0.065209
-0.076694
-0.040664
-0.046923
0.012239
-0.011650
-0.050012
-0.052770
-0.015575
0.004029
0.014536
-0.014975
-0.069231
-0.059162
-0.035170
-0.022945
-0.013597
-0.107167
-0.232393
-0.197213
-0.070285
-0.078794
-0.151971
-0.185755
-0.021539
-0.031455
-0.027874
-0.032335
-0.007812
0.025027
0.008397
-0.000321
-0.001447
-0.004543
-0.038329
0.050800
0.013519
0.008788
-0.026274
-0.099828
-0.074857
0.040535
-0.000542
-0.018475
-0.079117
-0.134483
-0.159005
-0.024165
-0.022951
-0.027573
-0.061753
-0.123862
-0.065415
0.186297
0.150342
-0.005116
0.005412
-0.047155
-0.117672
-0.001266
-0.003885
0.020355
-0.000249
-0.000445
-0.027586
0.016612
0.021350
0.022094
-0.003092
-0.002549
-0.002357
-0.000021
0.014271
-0.000298
0.000000
-0.002146
-0.000962
0.000000
-0.001537
-0.001649
-0.000112
-0.000790
0.000000
0.000000
-0.050947
-0.064393
-0.036081
-0.009843
0.000000
-0.024628
-0.057509
-0.087948
-0.036234
-0.021463
-0.016490
-0.029998
-0.030455
-0.010407
-0.021978
-0.008641
-0.011799
-0.030801
-0.024940
-0.038099
-0.038706
-0.000607
-0.000255
-0.007206
-0.002165
-0.038099
-0.043943
0.001477
-0.000503
-0.005225
-0.006800
-0.004901
-0.027000
-0.058761
-0.015617
-0.008503
-0.000120
-0.046166
-0.022448
-0.077567
-0.041842
0.003125
-0.053521
-0.053521
-0.031591
-0.049946
0.013836
0.007430
0.034468
-0.057968
-0.151668
0.008775
0.316697
0.214966
0.150864
-0.032552
-0.091915
0.091433
0.305187
0.065034
0.045697
-0.008310
-0.041535
0.006227
0.103532
0.046528
0.026540
0.019514
0.019180
0.078992
0.067764
0.036796
0.000775
-0.001468
-0.009491
0.098648
0.138463
-0.035595
0.028289
-0.023992
-0.043257
0.054309
0.047534
-0.056081
-0.054026
-0.001289
-0.009745
0.005571
0.031543
-0.034926
-0.033381
-0.019778
-0.021876
-0.003955
0.014719
-0.015977
-0.009797
-0.014099
-0.013785
-0.007495
-0.009638
-0.003081
-0.007064
-0.001723
-0.004509
-0.014769
-0.015588
-0.002364
-0.005227
-0.008936
-0.028922
-0.035208
-0.044095
-0.044649
-0.053734
-0.056266
-0.007660
-0.083057
-0.144479
-0.162085
-0.030045
-0.067182
-0.056804
-0.047017
-0.173326
-0.205338
-0.032217
-0.084757
-0.066817
0.018028
-0.005340
-0.127294
0.008708
-0.033555
0.084786
0.026339
0.025929
-0.106929
0.000655
-0.075389
0.038286
0.047099
-0.075224
-0.083121
0.024916
-0.013260
-0.036473
0.017222
0.077933
-0.114172
-0.035609
0.039223
0.003056
-0.000249
0.059092
0.022160
0.051014
-0.013432
0.009505
-0.002753
-0.029631
0.015977
0.015611
-0.012363
0.003580
-0.004244
-0.029767
-0.013283
0.003584
-0.035688
-0.050257
0.055447
0.066747
-0.025453
-0.043454
-0.054023
-0.033838
0.055502
0.075478
-0.032339
-0.054372
-0.059785
-0.040090
-0.002334
-0.007911
-0.026169
-0.009442
-0.068406
0.023126
0.122427
-0.020298
0.090860
0.011806
0.032755
-0.027887
-0.085766
-0.102830
-0.024506
0.067574
0.055873
0.080216
0.059787
-0.038141
-0.016282
-0.027097
0.022573
0.160112
0.128891
-0.046959
-0.007505
-0.033484
0.015884
0.088836
-0.042619
-0.097932
-0.026739
-0.013767
-0.004323
-0.039296
-0.133595
-0.119467
-0.021194
-0.021088
0.003661
-0.020518
-0.058680
-0.064046
-0.051073
0.180573
0.033027
-0.105057
0.052874
-0.004136
-0.007448
0.241203
0.077225
-0.009641
0.126741
0.098885
-0.011506
-0.055598
0.001896
-0.004563
0.021356
0.021271
-0.023875
-0.051863
0.011032
-0.028667
-0.077621
0.029419
-0.017757
0.058306
0.025127
-0.124765
-0.088517
-0.015497
-0.041108
-0.030040
0.073961
0.058836
0.020518
0.075930
-0.012013
-0.002828
-0.006066
-0.008963
-0.002786
-0.009825
-0.014328
-0.011588
-0.015993
-0.011294
-0.007427
-0.009705
-0.013206
-0.009709
-0.020989
-0.015689
-0.005601
-0.007481
-0.019389
-0.018303
-0.024305
-0.023641
-0.010558
-0.006606
-0.025948
-0.034661
-0.042128
-0.036964
-0.015496
-0.007724
-0.002665
-0.050022
-0.044175
-0.068246
-0.053985
-0.017388
0.163431
-0.112710
-0.062135
-0.045559
0.022365
-0.099688
0.167535
-0.037326
-0.048893
-0.013820
-0.028929
-0.150717
-0.136874
-0.111790
-0.004084
0.003103
-0.056834
-0.141638
-0.100176
-0.091291
0.028176
0.020222
-0.021555
-0.078602
-0.038561
-0.115250
-0.194465
-0.112717
-0.000750
0.008728
0.214059
0.130107
-0.231214
-0.156228
0.024833
-0.077003
-0.052625
-0.040156
-0.017246
-0.052739
-0.048550
-0.019240
-0.017964
-0.025633
-0.014158
-0.012627
-0.007895
-0.002148
-0.005516
0.001891
-0.008202
-0.010416
-0.007776
0.000000
-0.001587
-0.031408
-0.048606
-0.006426
0.004933
-0.002206
0.001872
-0.027553
-0.071334
-0.053704
-0.003083
-0.007514
0.001733
0.001797
-0.028698
-0.018508
0.009304
-0.042078
-0.019654
0.140846
0.020767
0.034199
0.054473
-0.090493
-0.012982
0.160399
0.015876
0.027280
0.072381
0.023973
-0.013038
-0.030519
-0.023375
-0.034450
-0.076332
0.037218
-0.009707
-0.085862
-0.059864
-0.060207
-0.122401
-0.007486
-0.018313
-0.180765
-0.152167
-0.170054
-0.255922
-0.146565
-0.068796
-0.068366
-0.005179
-0.127094
-0.140421
-0.021354
0.020782
-0.003372
-0.004736
-0.003098
-0.027951
-0.035236
0.049936
-0.029494
-0.051925
-0.047757
-0.003851
0.011921
0.028380
-0.020270
-0.064548
-0.050114
-0.024320
-0.021953
0.021915
0.039243
0.011851
-0.014623
-0.040965
-0.033850
0.018728
0.010598
0.021254
-0.022381
-0.058645
-0.023384
0.130908
-0.005768
-0.069124
-0.021757
0.035603
0.126189
-0.001084
-0.052856
-0.004040
-0.004035
-0.004243
-0.000530
-0.005284
-0.062398
-0.005003
0.000000
0.000000
0.000000
-0.005460
-0.011713
-0.003443
0.000000
-0.000403
0.000000
-0.003842
-0.127797
-0.125468
-0.003724
-0.002548
0.002507
-0.003217
-0.121562
-0.090673
0.021522
-0.006461
-0.004129
-0.131429
-0.110734
0.037424
0.019607
-0.009004
-0.043232
0.011511
0.062144
0.085708
-0.005012
-0.003533
0.091074
0.056263
0.051642
-0.002093
0.022124
-0.003966
0.043435
0.013068
0.001775
-0.000965
0.024926
0.023505
-0.006915
0.009665
-0.000531
-0.000965
-0.001354
-0.000398
0.014177
0.001091
-0.002833
-0.006921
-0.006921
-0.016225
0.008653
-0.008152
-0.048794
-0.028978
-0.017239
0.035296
-0.057775
-0.156430
-0.103163
-0.089606
-0.073135
-0.089696
-0.030818
-0.156513
-0.052402
-0.090865
-0.032989
-0.015808
-0.041249
-0.126830
-0.059570
-0.080977
0.009450
0.047311
-0.122843
-0.061629
-0.024096
-0.058455
-0.059443
-0.026414
-0.144695
-0.047512
-0.028014
0.002714
-0.008462
-0.062148
-0.046198
-0.017832
0.141241
0.235716
0.263479
0.104189
-0.147897
-0.037800
0.117088
0.167125
0.051841
0.047257
0.043460
0.037938
0.010084
0.025399
-0.001598
-0.030261
0.072191
0.082031
0.044530
-0.055185
-0.026002
-0.056563
0.057561
-0.011511
0.022123
0.005312
-0.034277
-0.036342
-0.013594
-0.017033
0.014460
0.035028
-0.035337
-0.069732
-0.024641
0.041518
0.002919
-0.027784
-0.019164
-0.011417
0.041772
-0.172695
0.012571
-0.027549
0.011953
0.083975
0.000976
-0.196557
0.012367
-0.027604
0.013893
0.084260
0.039003
-0.016170
-0.006404
-0.026621
-0.011558
-0.010225
-0.011022
-0.009423
-0.005948
-0.009480
-0.017092
0.039428
0.044485
-0.009234
-0.003103
-0.006029
-0.010209
0.065176
0.042444
0.009994
0.013221
-0.052871
-0.050195
0.037518
0.046467
-0.119467
-0.031738
-0.015070
-0.017807
0.020487
-0.019709
0.003095
0.009148
-0.002935
0.052692
0.079020
0.035562
0.036801
0.008896
-0.011316
0.052551
0.040415
-0.007180
0.013241
-0.004288
-0.000555
0.002005
-0.023506
-0.017303
0.010462
-0.009493
-0.041133
-0.053304
0.005457
0.055198
-0.063273
-0.064371
-0.217671
-0.188091
-0.050995
0.024298
0.107504
0.047223
-0.031929
-0.033973
0.013301
0.129990
0.160197
0.108149
0.009716
0.017315
0.038123
0.147251
0.011639
0.035115
0.013994
0.001521
0.020172
0.105024
-0.011927
0.006268
-0.004399
-0.006789
0.027961
0.074620
-0.012742
0.000939
-0.002973
-0.004217
-0.017045
0.004362
-0.025022
0.012477
-0.022134
0.013628
0.163487
0.116082
0.094065
-0.050037
-0.052961
0.019137
-0.145793
-0.221258
-0.011973
0.055564
0.047810
0.029251
-0.109946
-0.089282
-0.029223
0.087594
0.088245
0.030696
-0.009814
0.002739
-0.025808
0.047955
0.083673
-0.007832
-0.048579
0.015646
-0.028921
-0.007231
0.006114
0.039163
-0.043380
-0.018973
-0.008990
0.042628
0.053516
0.037621
0.063356
0.071422
-0.020311
0.035191
-0.007752
-0.000661
-0.001378
-0.006814
0.073132
0.096742
-0.009438
-0.006552
-0.008716
0.030880
0.039014
0.008117
-0.006919
0.001937
-0.004688
0.030284
0.013881
-0.017833
0.034667
0.045532
-0.000962
-0.013422
0.035766
0.037738
0.024112
0.032670
-0.071398
-0.007498
0.002812
-0.043313
-0.060498
-0.021870
-0.039209
0.003185
-0.024862
-0.014025
-0.006469
-0.005430
-0.009360
0.002554
-0.005734
-0.012839
-0.005513
-0.004021
-0.000098
0.011877
-0.022726
-0.017968
-0.009884
0.072160
0.050759
0.022922
-0.044608
0.042483
0.049872
0.049196
0.015720
0.072125
-0.025562
0.042478
0.156184
0.010245
-0.016771
0.083576
-0.027474
-0.061813
0.064246
0.122750
0.075102
0.086666
-0.015521
-0.057524
-0.084398
-0.052514
-0.064755
-0.103673
-0.021162
-0.052596
-0.049118
0.020324
0.030083
-0.069854
-0.015856
-0.007537
0.038033
0.064396
0.035067
0.006903
-0.005527
-0.011599
-0.013653
0.055719
0.068749
-0.025165
-0.011123
-0.026067
-0.138146
-0.082932
0.027720
-0.004902
-0.075541
-0.015618
-0.084674
-0.049963
0.014879
0.080026
-0.005757
0.100284
0.023809
0.012080
-0.014940
0.003254
0.024411
-0.003454
0.017926
0.013895
-0.039795
-0.018389
-0.028894
-0.023032
-0.011784
-0.000223
-0.023244
-0.020678
-0.030901
-0.030736
-0.039601
-0.060745
-0.070759
-0.013459
-0.014733
-0.007620
-0.010587
-0.082131
-0.096415
-0.025590
0.159872
0.043073
-0.027193
-0.041908
-0.076587
-0.039415
-0.044031
0.017679
-0.002901
-0.050124
-0.029069
-0.013131
-0.033385
0.019776
-0.011623
0.057039
0.065916
0.012511
-0.037935
-0.046172
0.004031
0.068353
0.057565
0.034124
-0.033058
-0.039001
-0.018742
0.006700
-0.083532
0.036885
-0.024065
-0.017302
0.043411
-0.003648
-0.081665
0.028573
-0.018813
-0.024726
0.099459
0.084901
0.012742
0.038489
-0.007692
-0.038474
-0.023090
-0.000927
-0.012901
-0.016420
-0.020613
-0.023167
0.031697
0.033387
0.029905
-0.011733
-0.023273
0.001607
0.002920
-0.056451
0.006797
-0.017149
-0.015058
-0.065682
-0.067948
-0.066366
-0.040550
-0.023774
-0.024981
-0.084253
-0.065883
-0.054960
-0.032952
-0.065949
-0.018135
-0.024616
-0.024383
-0.019711
-0.012301
-0.110755
-0.050073
-0.030205
-0.026386
-0.037499
-0.047194
-0.015532
-0.016865
0.003616
-0.081271
-0.100839
-0.068832
-0.067793
0.008911
-0.040928
-0.150839
-0.098550
-0.026460
-0.062557
-0.001361
-0.039064
-0.124386
-0.059687
-0.002802
-0.012589
-0.022932
-0.012337
-0.014278
-0.025301
-0.030316
-0.027373
-0.043467
-0.016064
-0.012295
0.007984
0.001512
-0.083844
-0.011469
-0.053029
-0.011405
-0.027068
-0.039256
-0.062320
-0.008391
-0.021389
0.033976
0.028566
0.010956
0.015350
-0.012650
0.030155
0.026013
0.029410
0.023717
0.018466
-0.014212
-0.031108
-0.062788
-0.115454
-0.085204
-0.007719
-0.012795
-0.025224
-0.098870
-0.131890
-0.159630
-0.072696
-0.019569
-0.084530
-0.041814
0.019306
-0.074910
-0.043650
0.018837
-0.009451
-0.034384
0.002303
-0.153829
-0.009149
-0.016800
-0.003399
-0.020916
-0.022293
-0.050433
-0.070415
-0.007297
-0.003057
-0.007572
-0.051634
-0.109101
-0.060414
-0.002472
-0.014872
0.002483
-0.024148
-0.105860
-0.095195
-0.012096
-0.039911
-0.031140
-0.042069
-0.096658
-0.049386
-0.020100
-0.023683
-0.022411
0.008673
0.038898
-0.050906
-0.057407
-0.091725
-0.107496
-0.023166
-0.094576
-0.193548
-0.114278
-0.071640
-0.076977
-0.034597
-0.109110
-0.100781
-0.067776
-0.086058
-0.101680
0.017136
0.045246
0.012581
-0.048433
-0.032307
-0.087813
0.065390
0.106945
0.047823
-0.060148
-0.031674
-0.054788
0.020382
0.108015
0.015418
-0.169576
-0.077925
0.005844
-0.099567
0.024148
0.114732
-0.001531
-0.095217
0.027551
0.028681
0.075533
0.015821
-0.116391
-0.097431
0.007402
0.056100
-0.006582
-0.009460
-0.079050
-0.054631
-0.037134
0.019672
-0.019741
-0.127180
0.003254
-0.039832
-0.044981
0.023559
-0.050825
-0.090126
0.012545
0.043081
0.081706
0.000328
-0.061354
-0.037915
0.055149
0.068169
-0.024283
-0.019369
0.037278
0.038425
-0.004593
0.000000
-0.001738
-0.003006
-0.000473
0.000000
-0.006304
0.000000
-0.001738
-0.003192
-0.000438
0.000000
-0.003542
0.000000
0.000000
0.000000
0.000000
0.000000
0.000000
-0.006772
-0.011339
-0.001707
0.000000
0.014666
-0.001621
-0.001473
-0.011168
-0.005312
-0.000304
0.011978
0.022318
0.000961
-0.014147
-0.000017
0.026273
0.024246
-0.027153
0.013706
-0.022273
-0.152554
-0.155723
-0.077599
0.064684
0.179421
0.088933
-0.053794
-0.085933
-0.066418
0.026848
0.066252
-0.044440
-0.130198
-0.054401
0.037135
0.069990
0.095662
-0.006965
-0.092333
-0.014486
0.097925
0.055886
0.012058
-0.108682
-0.100273
-0.044268
-0.000880
0.082009
0.034426
-0.230169
-0.174233
-0.131694
-0.277120
0.191173
0.124920
-0.056641
-0.016681
0.014626
0.018303
-0.001056
-0.026699
-0.021976
-0.010243
-0.002633
-0.012462
0.018912
0.042190
0.021055
-0.003556
0.000978
0.031245
-0.073464
-0.093329
-0.106435
-0.104369
-0.031306
0.045562
-0.159668
-0.167364
-0.092662
-0.077074
-0.072955
0.026348
0.224139
0.186183
-0.026274
0.038472
0.013082
0.018881
-0.012000
0.043245
0.055980
-0.003026
-0.018140
-0.061977
-0.034535
-0.057864
0.000000
-0.003510
0.010412
-0.000722
-0.060261
-0.083466
-0.006513
0.000394
0.011134
-0.008282
-0.074594
-0.066092
0.003085
-0.010032
0.010449
-0.008282
-0.060519
-0.048570
0.008786
-0.009724
-0.007132
0.000000
-0.059089
-0.064535
-0.022012
-0.003629
-0.016893
-0.028890
-0.024177
0.010746
-0.017128
-0.018866
-0.074425
-0.099114
-0.083807
0.003457
0.012581
-0.005529
-0.043093
-0.081056
-0.065402
-0.052940
-0.018714
-0.080244
-0.104234
-0.099596
-0.048859
-0.150344
-0.086292
-0.128172
-0.160302
-0.136071
-0.048805
-0.194547
-0.201968
-0.080234
-0.097771
-0.110310
0.005400
-0.073335
-0.107353
-0.148465
-0.155200
-0.041393
0.258920
-0.060996
-0.020540
0.129964
0.138512
0.101165
-0.098380
-0.058493
-0.074879
-0.017039
0.073377
0.009361
0.008475
0.045908
0.038082
-0.032397
-0.080016
-0.048601
-0.031139
0.018266
0.047103
-0.007891
-0.095045
-0.028664
-0.063462
-0.046552
0.022447
-0.032639
-0.074136
0.076386
-0.050500
-0.174076
-0.161092
-0.151933
-0.184043
-0.060431
-0.027525
-0.009458
-0.010129
-0.034089
-0.029896
-0.002918
-0.016217
-0.008329
-0.023837
-0.043458
-0.031481
-0.003404
-0.006774
-0.008854
-0.016410
-0.028082
-0.026267
-0.013989
-0.018889
-0.010697
-0.012915
-0.018104
-0.016964
-0.034451
-0.011421
-0.008713
-0.009097
0.001186
0.007830
-0.029004
-0.003784
-0.004281
-0.011263
-0.028803
-0.001940
-0.015603
-0.101458
-0.027993
-0.032551
-0.048393
-0.077085
-0.057346
-0.069883
-0.016079
-0.007360
-0.012469
-0.026406
0.068260
-0.023668
-0.007503
-0.007125
-0.014656
-0.008257
0.036577
-0.012633
-0.031754
-0.033138
-0.008969
-0.004392
-0.009803
-0.005840
-0.044795
-0.046725
-0.009910
0.001736
0.007351
-0.004498
-0.006593
-0.043976
-0.055301
0.005664
0.005833
0.040914
-0.022704
-0.019890
-0.055986
-0.066796
-0.095882
-0.035805
-0.007639
-0.019242
-0.039577
-0.049798
-0.073656
-0.002112
-0.014660
0.007236
-0.012155
-0.044301
-0.115770
-0.002966
-0.002451
0.016134
-0.006636
-0.170434
-0.220921
-0.000406
-0.015771
-0.045478
-0.014063
-0.158119
-0.142035
0.108839
0.127241
-0.016897
0.025970
-0.041879
-0.121186
-0.061218
-0.056449
-0.000822
-0.005434
-0.005652
-0.003951
0.052958
-0.010302
-0.040155
-0.010497
0.009694
-0.015757
-0.003800
0.013441
-0.033558
-0.008049
0.012255
-0.014858
0.000000
0.002763
0.017266
0.009093
-0.005137
-0.025794
0.000000
-0.007288
-0.010117
-0.006850
-0.038607
-0.027576
0.025944
0.044200
0.046271
-0.015770
-0.047916
0.015337
0.025930
-0.116973
-0.183634
-0.126539
-0.072533
-0.032082
-0.008964
-0.001704
-0.013308
-0.015811
-0.010280
0.030358
-0.006186
-0.020493
-0.009529
-0.013847
-0.008296
-0.009432
-0.015445
-0.033766
-0.002581
-0.004678
-0.008069
0.035810
-0.024044
-0.023175
-0.014207
-0.026029
-0.064688
0.013475
0.029651
-0.000203
-0.019698
-0.038266
-0.038340
-0.036596
-0.010670
-0.009692
-0.017512
0.019672
0.104511
0.223889
-0.019802
-0.022207
-0.012447
0.033571
0.055479
0.123943
-0.006720
-0.003992
-0.001159
0.008078
-0.092330
0.030944
0.000000
0.000000
-0.007140
-0.011170
-0.088713
-0.086009
-0.000081
-0.011043
-0.062809
-0.018334
-0.033076
-0.017452
-0.012752
-0.033867
-0.072009
-0.023425
0.009498
0.006974
-0.006297
0.094321
-0.043682
-0.026975
-0.026333
-0.000356
-0.006699
0.078458
-0.033270
0.012901
0.018544
-0.000139
-0.002462
-0.004425
-0.008225
0.010788
-0.006257
0.011934
-0.006513
-0.045870
-0.041335
-0.004902
0.032383
0.016175
-0.048327
-0.078229
-0.027951
0.029110
0.015983
-0.020268
-0.067186
-0.002477
0.002005
-0.022413
-0.060522
0.016992
-0.051720
-0.012319
-0.137245
-0.118864
-0.032735
-0.229266
-0.116618
0.040845
0.031661
0.006470
0.091607
-0.005229
-0.122287
-0.071322
-0.013201
0.018398
0.092253
0.048336
-0.107172
-0.037568
-0.063103
-0.100613
-0.066497
0.148264
-0.114272
-0.028692
0.017157
0.004575
0.074837
0.243853
-0.045898
-0.067722
0.036340
0.066058
0.131021
0.284966
-0.030262
-0.032891
0.004312
0.006234
-0.036626
-0.046391
-0.040629
-0.019627
-0.025334
-0.015489
-0.011280
0.010260
-0.017967
-0.044202
-0.059069
-0.059997
0.012201
0.058341
-0.011488
-0.032275
-0.018666
-0.031381
0.019237
0.028586
0.012832
0.019306
-0.003709
-0.008599
-0.022708
-0.033296
-0.031372
0.110750
0.153171
0.160512
0.021139
-0.028759
-0.067508
-0.039819
-0.034105
-0.017632
-0.015386
-0.018341
0.090016
-0.028104
-0.024120
-0.058591
-0.076697
-0.007544
0.042248
-0.037104
-0.040901
-0.003931
-0.014317
0.012801
0.028311
-0.011529
0.008788
-0.012552
-0.030397
0.033848
0.008863
0.066060
0.002376
-0.074971
-0.032669
-0.007943
-0.007658
0.074301
-0.033398
-0.007423
-0.002519
-0.033115
-0.084709
-0.011228
-0.040580
0.005367
0.023406
-0.069818
-0.008990
-0.052828
-0.059146
-0.006954
-0.001551
0.014460
-0.004095
-0.058558
-0.052336
-0.031708
-0.066889
-0.081814
-0.023867
-0.067493
-0.053747
-0.081570
-0.084619
-0.076838
-0.023418
-0.046903
-0.008862
-0.178324
-0.194292
-0.029476
-0.027808
-0.118157
-0.015461
-0.120219
-0.096645
-0.078850
-0.016471
0.011630
-0.009114
0.006985
-0.024570
0.009956
0.063437
0.060502
0.017128
-0.027553
-0.004465
-0.021451
0.040172
0.088828
0.032686
-0.036573
0.004084
-0.051643
-0.077251
-0.031035
-0.004662
-0.048396
-0.057490
-0.138333
-0.150857
-0.132441
-0.012281
-0.043128
-0.059364
-0.090876
-0.078688
0.045602
0.087623
0.023906
-0.012327
0.062532
0.094118
-0.152261
-0.044772
-0.013644
-0.111318
-0.146324
0.013898
-0.043089
-0.029622
0.016990
-0.113346
-0.096547
0.004456
-0.009134
-0.026674
0.011129
-0.154431
-0.159026
0.034698
-0.014926
-0.022600
-0.043190
-0.040354
-0.007875
0.031777
-0.029802
-0.093549
-0.072655
-0.002856
0.107216
-0.069904
-0.023160
-0.144320
-0.130858
-0.017980
-0.002231
0.117409
-0.013164
-0.010919
0.022983
0.046888
-0.022370
0.066149
0.016329
0.003448
0.109223
0.041676
0.015679
-0.027491
-0.063748
0.089297
0.157968
-0.005250
-0.007576
0.019135
-0.039774
0.047196
0.041996
-0.030366
-0.033378
0.046830
0.047941
-0.037165
-0.013386
0.033948
0.008319
0.039746
0.055994
-0.020712
-0.068601
0.076451
0.106546
0.163816
0.120667
-0.013816
-0.006948
-0.043491
-0.060772
0.337983
0.146727
-0.026171
0.030773
-0.004602
0.100862
0.226498
0.007360
-0.028885
0.018225
0.017127
0.096051
0.155916
0.007213
-0.039161
-0.031710
0.010430
0.025398
0.056881
-0.019804
-0.048779
-0.028620
-0.020908
-0.004103
0.127568
0.047050
-0.036445
-0.020861
-0.000382
0.042288
0.019212
-0.007122
-0.006574
0.064184
0.082281
-0.030700
0.067776
0.048257
0.021835
0.056083
0.065902
-0.024245
0.038255
0.060696
0.028060
-0.015428
-0.023870
-0.039950
0.034834
0.020125
0.030315
0.015919
-0.059874
-0.042300
-0.011123
-0.010801
-0.018595
-0.017372
-0.052106
-0.052273
-0.009654
-0.026894
-0.050917
-0.021814
-0.011247
-0.022017
0.010008
-0.016883
-0.024266
-0.035626
-0.073862
-0.102202
-0.024309
-0.035263
-0.013206
-0.005921
-0.065996
-0.031131
-0.057741
-0.039778
-0.016824
-0.007890
-0.036833
-0.030240
-0.021746
-0.007384
-0.004095
-0.030419
-0.018064
-0.001479
-0.010074
-0.017841
-0.032029
-0.047516
-0.020701
0.023137
-0.010401
-0.071913
-0.060799
-0.053823
-0.047642
0.012931
-0.000056
-0.021949
-0.068152
-0.054450
-0.027483
-0.035593
-0.029257
0.025320
-0.008102
-0.038624
-0.017545
-0.004461
-0.035784
0.005896
-0.003188
0.017272
-0.008840
-0.024600
-0.103949
-0.095675
-0.106464
-0.125896
-0.056414
-0.059421
-0.094281
-0.126860
-0.143880
-0.178049
-0.149457
-0.076540
-0.168608
-0.136315
-0.042066
-0.010085
-0.189166
-0.131287
-0.057816
0.171385
0.168781
-0.025308
0.030023
-0.024077
-0.025072
0.183146
0.181965
0.076313
0.146169
0.210174
-0.024958
0.013656
-0.015275
0.073924
0.079725
0.165730
-0.008025
0.061175
0.074812
-0.032442
-0.011665
0.112037
-0.025840
0.037085
0.104544
-0.041626
-0.033086
0.011287
-0.048432
-0.090063
-0.058801
-0.059229
0.014575
0.129231
-0.035575
-0.012420
-0.002373
-0.008222
-0.030948
-0.146620
0.013641
-0.008848
-0.001267
-0.020979
0.050214
0.032687
-0.043830
-0.003498
0.012543
-0.007623
-0.035675
-0.073688
-0.082560
-0.007250
0.009395
-0.066117
-0.202399
-0.163752
-0.087317
0.003169
0.017225
-0.158715
-0.177323
-0.103274
0.263701
0.007482
-0.053514
-0.026432
0.173159
0.110808
-0.125492
0.025717
-0.012114
-0.005222
-0.002665
0.015055
0.010443
0.019039
-0.006920
0.019403
0.007819
0.018070
-0.015054
0.000349
-0.017293
0.018665
0.028708
0.013435
-0.036144
-0.005532
-0.024970
-0.032100
0.024758
0.015506
-0.023695
-0.002587
-0.004961
-0.011118
0.013590
0.002006
0.013616
-0.054365
-0.055619
-0.019350
0.071500
0.063341
-0.130798
-0.112763
-0.003243
-0.016089
-0.033238
-0.077037
-0.052073
-0.044148
-0.002640
0.020287
0.018585
-0.001499
0.001906
-0.004929
-0.003341
-0.004909
0.000221
-0.003994
0.001381
-0.006097
0.017193
0.027868
0.013371
-0.097089
0.000797
-0.006181
0.021118
0.034153
-0.027121
-0.117927
-0.081739
-0.034088
-0.038348
0.008986
0.036480
-0.141630
-0.001238
-0.036484
-0.034714
-0.029216
-0.053846
-0.117488
0.009422
-0.020419
-0.001392
-0.019813
-0.014090
-0.039084
0.005186
0.009942
-0.013055
-0.011507
-0.004365
0.014246
-0.016485
0.041208
0.016588
-0.004311
0.043853
0.102383
-0.094077
0.002954
-0.042336
-0.107004
-0.006033
-0.003068
0.198892
-0.006812
-0.041981
-0.027698
0.016658
0.017151
-0.025759
-0.021193
-0.011254
-0.012953
-0.015993
-0.008725
-0.000509
-0.000652
0.000000
-0.002661
-0.004028
-0.004275
-0.000382
-0.007465
-0.061451
-0.044271
-0.004969
-0.004704
-0.003867
-0.011711
-0.068378
-0.075983
-0.022772
-0.004704
-0.005023
-0.030899
-0.037294
-0.042982
-0.028966
-0.009624
-0.036775
-0.093309
-0.098597
-0.074841
-0.080812
-0.090882
0.012579
0.074390
0.043256
-0.001512
-0.069552
-0.030803
-0.000930
0.015449
0.039896
0.009219
-0.014828
-0.014061
0.044338
0.046343
-0.000491
0.014283
-0.013796
0.001589
0.095139
0.091411
0.007775
0.028971
-0.008726
0.002194
0.101466
0.084661
-0.011515
-0.000055
-0.012484
-0.012712
0.032470
0.033172
0.092137
0.058023
-0.011640
-0.068123
0.431273
0.485516
0.011658
-0.079032
0.004916
-0.018472
0.424017
0.504183
0.107330
0.093316
0.088505
0.072920
0.121806
0.117321
0.057962
0.135681
0.107176
0.065412
0.053805
0.182467
0.132513
0.067802
0.020108
-0.001504
-0.007345
0.155892
0.136048
-0.007299
0.119821
0.062671
0.048168
0.080883
0.026744
0.054888
0.077538
0.059242
-0.013199
-0.007282
-0.000552
0.017703
-0.001936
0.000568
-0.013266
0.030130
0.032148
-0.002243
-0.002620
-0.006944
-0.008722
0.030248
0.031313
-0.003479
0.047834
0.042780
-0.008259
-0.014975
-0.014413
0.037149
0.092369
0.044681
-0.013824
-0.042728
-0.034767
0.037527
0.085211
-0.007309
-0.027696
0.003550
0.092966
0.086872
0.022243
-0.010249
-0.052206
-0.010304
-0.003544
-0.006548
-0.004524
-0.008050
-0.020556
-0.022948
-0.015061
-0.018737
-0.009850
-0.012686
-0.001888
-0.045908
-0.027268
0.024396
0.024369
-0.016668
-0.000415
-0.004414
-0.042946
-0.022245
-0.037762
-0.024228
-0.015147
-0.021480
-0.021722
-0.084355
-0.093158
-0.019341
-0.001049
0.010829
-0.086046
-0.068461
-0.092540
-0.057790
-0.116347
-0.022146
-0.009050
-0.014195
0.018568
-0.020133
-0.000366
-0.005343
-0.007823
0.003313
0.021518
0.028661
-0.006096
-0.006987
0.024784
0.069358
0.025656
0.076684
0.002196
-0.007522
0.024326
0.064004
0.022037
0.027437
0.025246
-0.057086
-0.090004
-0.066388
-0.080517
-0.060394
-0.035262
-0.102527
-0.173648
-0.189161
-0.165616
-0.033505
-0.022409
-0.025963
-0.010930
-0.008380
0.004427
-0.001169
-0.055436
0.002055
-0.002951
0.009609
0.013752
0.009667
-0.033989
-0.010879
-0.013376
0.002057
-0.008606
0.005392
-0.037938
0.014340
0.011931
0.021678
-0.003529
-0.003859
-0.032748
0.025002
0.023929
-0.015477
-0.043558
-0.006549
-0.000093
-0.016012
-0.016074
-0.023962
-0.030450
-0.012056
-0.072779
-0.028763
-0.046541
-0.056004
-0.028678
-0.019974
0.000000
-0.015458
-0.024534
-0.023067
-0.005382
-0.007778
-0.012017
-0.041051
-0.052786
-0.047799
-0.028470
-0.016887
-0.020342
-0.014638
-0.024535
-0.098058
-0.080096
-0.002586
-0.021121
0.014032
0.034193
-0.064430
-0.080740
-0.000311
-0.012379
-0.033377
-0.019237
-0.101586
-0.090751
0.000000
0.096907
0.201477
0.134743
0.138346
0.127166
-0.079399
0.106638
0.228109
0.160490
0.118673
0.112030
-0.086854
0.014644
0.030564
0.006579
0.013732
0.040330
0.021214
0.003605
0.003673
-0.085878
-0.087784
0.042214
0.112247
0.014340
-0.066904
-0.173014
-0.157256
-0.070516
0.075425
0.008978
-0.030492
-0.117091
-0.097931
-0.071964
0.069214
-0.015696
-0.011312
0.029967
0.024292
-0.013234
-0.045306
-0.025518
-0.011851
0.032359
0.035460
-0.001638
-0.010723
-0.018860
-0.018430
-0.016369
-0.010914
0.008332
0.000817
-0.007199
0.067037
0.074793
0.034762
0.048497
-0.015493
-0.009847
0.071501
0.076821
0.040389
0.011764
-0.003306
-0.025078
-0.008280
-0.005913
0.026641
0.009976
-0.010041
0.002832
0.014439
0.064810
0.120864
0.244539
0.477371
-0.037322
-0.008747
0.005905
-0.016001
0.021158
0.054980
-0.024144
0.021748
0.021570
0.004511
-0.013757
-0.029307
-0.015040
0.002904
0.015082
-0.008811
-0.007980
-0.040987
-0.009915
-0.007128
0.012555
0.011362
-0.023316
-0.041875
-0.027575
0.019597
0.166124
0.132058
-0.004952
-0.148836
-0.148835
-0.210062
-0.155659
-0.105423
-0.080226
0.165095
-0.003357
-0.073379
-0.045462
-0.039263
-0.007606
0.258250
0.088517
0.045874
0.015540
0.013421
0.014174
0.138512
0.057351
0.011377
-0.025915
-0.039472
0.004919
0.150236
0.061208
0.013903
-0.050802
-0.079473
0.029683
0.223427
0.053696
0.051685
-0.047713
0.053971
0.070011
0.042694
0.063554
0.105777
-0.023043
-0.026904
0.011509
0.024123
0.104331
0.159993
0.043462
0.119121
0.180229
0.027455
0.103873
0.140988
0.043522
0.127387
0.154459
-0.017436
-0.007060
0.076950
0.117448
-0.017298
-0.021265
-0.013950
-0.012149
0.061227
0.124800
-0.002435
-0.017594
-0.009948
-0.060528
-0.090237
-0.065879
-0.046050
-0.029941
-0.012604
-0.024435
-0.001766
-0.002082
-0.008628
-0.042835
-0.063778
-0.197381
0.008144
-0.025446
-0.059120
-0.082124
-0.165500
-0.296730
-0.025929
0.030605
-0.089710
-0.140519
-0.191098
-0.335520
-0.000610
0.008162
-0.102091
-0.100440
-0.153083
-0.317178
0.045131
-0.023042
-0.048938
-0.082901
-0.163300
-0.108334
-0.040932
-0.148921
-0.137616
0.004733
-0.193665
-0.016399
-0.012390
0.000000
-0.004264
-0.004264
-0.007152
-0.010984
-0.017719
-0.012163
-0.010616
-0.010040
-0.012790
-0.022857
-0.014804
-0.012415
-0.012508
-0.014304
-0.005703
-0.038882
-0.026874
-0.003664
-0.005261
-0.011644
0.005660
-0.029375
-0.037845
0.006242
-0.002875
-0.025326
0.012821
-0.000992
-0.017531
0.004658
-0.032335
-0.051745
-0.037176
-0.012341
-0.030929
-0.010380
-0.062591
-0.102806
-0.024749
0.001575
0.002548
-0.031706
-0.076193
-0.082653
0.020087
-0.008095
0.045207
-0.054082
-0.041540
0.014538
0.013575
-0.020550
0.071581
0.099867
0.043271
0.002917
0.014009
-0.060301
0.111522
0.237099
0.101380
-0.078115
-0.047751
-0.076901
0.052116
0.185099
0.108710
-0.019871
-0.081290
0.005503
-0.049653
-0.049148
-0.077640
-0.077369
-0.090641
-0.004848
-0.000525
-0.020145
-0.048544
-0.039102
-0.053565
-0.005978
0.000670
0.016188
0.033980
-0.015842
-0.106503
-0.007106
-0.025117
-0.009833
0.026492
-0.075917
-0.119890
-0.009759
-0.054293
-0.112329
-0.061577
-0.154434
-0.169138
-0.020409
-0.034281
-0.059350
0.038875
0.046443
-0.006232
-0.021502
-0.021546
-0.003619
-0.006534
-0.007961
-0.003829
0.000000
0.000379
-0.008242
-0.012120
-0.014869
-0.002600
0.000466
-0.023703
-0.085645
-0.015558
-0.008517
0.000000
-0.006868
-0.042158
-0.097973
-0.033059
-0.003205
-0.000233
-0.075162
-0.094794
-0.031552
-0.029327
-0.003257
-0.001507
-0.135289
-0.141262
-0.036489
-0.108075
-0.088772
-0.001680
